0	9.459442	10.4414071	9.432446	11.011151
2	10.513594	8.509869
3	10.087784	9.634015	9.952222	10.102043
6	9.3213	8.43977
7	9.709757	9.223408

8	8.425931	11.140298	15.581794	13.3407429	9.796021	8.5076479	13.429446	14.766689
10	9.526225	9.16859612	10.923126	9.59236312	9.723996	16.73567414	12.59031	17.142268
15	10.459844	10.018013
16	10.923911	9.368678
17	9.186119	9.418194
18	8.996232	9.50747419	9.160132	8.915131
20	8.902965	11.016769
21	9.351404	9.78635222	8.941104	8.94309323	9.873786	9.47530924	9.14993	9.762441
26	9.449103	9.293832
28	9.285302	8.83507
29	10.414422	9.46898530	9.701446	8.753364
31	8.186816	11.407332
32	9.482799	8.824433
33	9.229923	9.659978

34	9.967846	9.100416
35	9.347635	9.390398
36	9.583323	10.20072438	9.178132	9.47809939	9.517597	9.036618
41	10.456532	9.52259
42	10.19039	10.16306143	9.706287	9.60218844	9.785063	8.960815
45	9.966009	9.867943

47	9.308177	9.89620348	9.972283	10.24881649	8.973253	9.391842
50	10.076801	9.151947

52	9.468261	9.901891
53	8.90869	9.6773554	9.777749	9.40995255	9.991617	11.424134
56	6.449354	15.388541

57	15.910692	15.036238
58	9.585964	9.64370859	10.366319	8.730358
60	9.454974	9.64922461	11.037204	10.657885

62	10.278371	8.693725
63	8.51207	9.30699963	10.990195	16.4611464	10.269955	9.63426165	10.783276	8.7378566	7.577865	15.352467	9.206783	9.202353
68	9.261217	9.96445469	9.406217	9.733025
70	9.83309	9.171717

71	9.942726	9.532315

72	9.54516	10.80012873	10.967909	8.610614

74	9.305083	8.90749575	7.864157	13.32912
76	9.335681	9.276359
77	9.967256	9.636846

78	11.779838	11.28005778	7.88955	7.468193
79	9.199782	9.27238380	8.807105	9.46098881	7.852598	9.634768

82	9.299167	10.18659184	9.891324	9.038188
85	9.177672	10.28200387	9.395193	8.492425

88	8.602426	8.97100189	9.139106	9.475297

90	9.64675	10.385724
91	8.579276	10.294452

92	9.721299	10.203558
93	9.600578	10.072902
94	8.297038	8.26232195	10.372997	9.658843
96	9.691109	9.395886

97	8.744818	7.4857498	9.140511	9.19987199	9.790033	9.841684100	8.892924	9.522122
101	9.667033	9.67042
102	8.707715	9.491651103	9.675399	8.914133105	9.591243	9.762447
106	8.948803	9.918241
107	10.31066	8.834349108	8.305657	10.012583
111	9.311221	8.616994
112	9.602206	8.792469113	11.230451	9.439889
114	9.92406	10.734014
115	9.713353	9.226092
116	10.141855	9.439944
117	10.021103	9.192579118	8.949404	10.280824
119	8.901979	10.229988

120	7.746395	6.73255
121	9.648947	10.487485
122	8.401456	8.78084123	9.795487	9.614156

124	9.475621	10.448178
125	9.640585	9.74952126	9.205237	9.976186
127	9.322688	9.71765128	10.259492	10.745754128	12.765038	16.921794
129	15.097272	15.98079

131	10.154406	9.936374132	10.306349	9.129077133	10.800188	10.20345135	9.571992	8.322755

136	11.14019	10.090715137	9.833077	9.342702
138	10.504504	7.206462

139	9.245847	9.605037

140	10.420096	9.71414
142	10.025706	10.390411

143	7.727286	9.66495144	8.613908	9.665758

145	9.54161	9.406087
146	9.746713	8.428291
147	9.23634	9.641385

148	9.623123	10.015544149	10.556855	8.994827151	9.601621	9.514554
152	8.512427	9.06978
154	7.293244	10.004935
155	11.043013	8.795147156	9.597978	9.442968

158	9.496229	9.790044

159	10.036892	10.432311160	9.647616	9.92716161	6.30872	16.699103
162	10.602032	4.134126162	4.220822	14.927446
163	4.934765	16.863578

164	9.413407	9.408868165	4.430717	17.49522

166	16.146915	6.088343
167	9.622037	9.720598
168	9.718552	10.031289

169	10.689478	9.474439
170	9.945674	8.476455999999999

171	10.169317	9.626514
173	8.712308	10.47646173	16.013657000000002	7.965351174	9.353384	9.832031175	15.290058	14.873261
176	9.377717	8.781355
177	9.415293	9.602132
178	10.559681	8.489812179	12.624122	15.458426

180	8.632928	10.578586181	8.046364	9.613099
182	12.800171	4.15702182	10.299932	9.37056
183	9.538199	9.783896
184	8.758348	9.472575
185	9.606708	9.447963186	9.022189	9.416519187	8.844955	10.361104188	8.786296	10.782651
189	9.560326	10.414665
190	14.692231	12.845343

191	16.105261	14.262695191	10.232268	11.958085
192	9.451556	9.744208193	10.178799	9.892367
194	9.768033	9.152168
195	8.520511	8.643348

197	8.046857	9.384574
198	9.264692	9.556514199	8.335025	9.467003
201	10.208735	8.920259202	9.576125	9.736939203	10.037982	8.654868204	9.39342	8.589235205	9.985867	9.500531
207	10.083794	9.611165208	9.330829	8.779155
210	9.27031	9.524419211	8.759239	10.342
212	9.335699	9.266026
213	9.812337	10.18687214	9.580257	9.463257215	10.17018	9.158172
216	9.054331	8.639742217	9.815167	10.500963

218	9.557322	9.57009
219	9.241585	9.233925220	8.55538	12.000134
221	9.759466	10.036944222	9.551173	8.966096
223	8.288736	12.024776224	8.575788	9.709344
225	8.695759	9.504156
226	9.259723	9.358426227	10.473998	10.761692229	10.233563	9.955124

231	8.896603	9.926223232	9.019595	9.479833233	9.049267	8.953373
234	9.448702	10.023322235	8.982787	8.250015999999999236	8.736782	9.563543237	9.356971	9.554101
238	9.716069	9.676668239	10.110383	10.659409240	8.636159	9.631256
241	10.160915	9.496405
242	8.722732	9.946431
243	9.434383	9.32788244	9.609349	7.717034

245	8.637746	7.990734246	10.61587	8.893119247	8.96519	9.761468248	8.858418	10.052031
249	8.860466	9.252295250	10.418405	8.626026251	9.944449	9.139601
252	9.371446	9.912573253	8.709337	10.276266254	8.574758	10.01242
255	10.408636	9.788207256	9.25674	10.052631
257	10.368513	9.154814258	8.952143	9.506044259	9.629488	9.316217260	9.992436	9.541613261	9.61109	10.544017
262	9.492135	9.280115
263	11.082605	10.74261264	9.631953	9.612598
265	9.305197	9.799207266	9.475075	9.296864
267	10.366376	9.059324
268	10.102677	9.918151
269	9.735819	9.949148270	9.520308	7.960794
271	9.016748	10.472432272	9.622469	9.408753
273	10.053521	9.008268

276	8.912152	7.904799278	8.811357	10.452911
279	8.840756	8.578625280	9.403759	8.796773281	9.295274	9.333741282	9.607906	10.092402

283	15.342291	9.721947283	9.341579	9.677761284	15.311441	8.082656284	9.287119	8.910852285	8.724951	9.88024

287	10.301257	9.230775288	9.562791	9.289001289	8.840093	9.694849
290	10.239204	9.322335
291	9.430776	10.783811292	10.092542	8.944579293	9.343619	9.480939
294	10.022909	9.272306295	10.49069	8.644189

296	9.602963	9.593977
297	9.886827	9.220072

298	6.180389	9.013728
299	8.482289999999999	8.583191300	9.54725	8.654556
301	8.949053	8.991326
302	9.265591	9.071803303	9.485789	9.346649
304	10.426431	9.44617
305	9.66596	10.374171306	9.322515	9.404958
307	10.649849	9.859483308	9.820247	10.14803
309	8.622268	9.75038310	9.513828	9.43775
311	9.582252	9.412637312	9.501602	8.721348
313	8.85063	9.998197
314	10.183313	10.119171315	7.513418	10.412599
316	8.520125	9.308908
317	10.217756	8.732545
318	9.252732	9.565167

319	9.836966	8.560353
320	9.844082	10.091217
321	9.048518	9.425503322	9.932274	10.325944
324	9.868621	9.691168325	9.855335	9.893609

326	8.423636	9.268569
327	9.336316	11.416527328	8.983461	10.016058329	8.635979	10.071196330	9.798814	10.064302331	9.241205	10.000012

332	10.280651	8.678213333	10.203309	9.557999
334	8.148253	9.099328

335	9.477956	8.085328
336	9.9102	8.359399

337	8.766652	9.708107339	9.456902	8.762657340	9.762652	8.892469341	11.447203	10.039436
342	9.435681	10.204056
343	10.081695	9.557274344	8.495608	9.575706
346	10.260284	10.212995
347	8.387623999999999	8.775774348	10.890715	9.910673
350	9.409801	9.442198352	10.124144	9.572712
353	9.607394	10.450732354	10.300284	10.13578
355	9.916445	9.520192356	9.577306	10.29444357	10.031974	10.374641
358	9.893102	9.455996
359	9.849367	11.523375
360	9.723749	10.202613361	10.221453	8.466171
362	9.270261	9.56505363	8.925141	10.084034
364	9.343234	9.308858365	10.505149	9.561281
366	8.806382	8.081416367	10.980072	8.7603
368	9.713557	10.026188369	9.46409	9.445495370	10.039796	9.349119371	8.599138	9.636897

372	9.476614	9.585895373	9.964834	9.650571374	8.519028	9.966376

375	10.47841	9.319503376	9.77772	8.750346377	10.371995	7.329162
378	9.08844	8.900935379	9.823706	9.03739380	9.679473	9.386816
382	9.30102	9.540286383	10.756041	10.494173
385	10.044416	9.449247386	9.555737	8.986307387	9.428245	9.229541388	9.941476	9.499498389	9.26583	10.063245390	9.497209	9.263624
392	9.449406	9.399263

393	9.713704	9.767738395	9.379906	9.248186396	8.311900999999999	11.126697

397	8.325738999999999	9.311774400	9.681918	9.58172
401	8.491316999999999	8.947985
402	10.359172	10.647189403	10.143218	9.66905
404	8.074404999999999	10.126075405	10.147089	9.499735
406	8.658128	10.270488407	9.213886	10.044704
408	9.000778	9.397242409	7.926557	9.989796
410	9.245997	9.667754411	8.737878	8.879627
412	9.564049	10.525615413	8.670602	9.572435415	9.280908	9.997541
416	9.900822	8.462996417	8.974349	9.873363418	8.362219	9.612186
419	10.51741	10.150184
420	9.75671	10.363066

422	8.43228	10.148012
423	10.440441	8.637487
424	9.813013	10.340326425	9.184441	10.149774426	9.796704	9.385746427	9.250512	8.939483428	8.63903	9.394576

429	9.974337	8.8341430	9.823712	8.643957430	9.474886	12.301409431	14.232911	13.304024432	14.474847	11.07594432	10.379246	10.705022
434	7.512009	8.940399

435	8.667512	9.253374437	10.510778	8.991376
438	11.032934	9.980734441	10.361897	9.177195
442	10.280783	9.303305
443	9.507367	9.65278445	10.144871	10.456981446	10.338281	9.550055

447	9.067547	10.451055

448	9.401569	9.655236449	8.788223	9.222771450	8.586019	9.049264
451	9.394512	9.547964452	9.815213	10.211359
453	9.483199	9.410834454	10.107975	9.231493455	9.396805	9.764458

456	9.947342	9.232931457	9.716828	8.788004458	11.397953	10.119413

459	9.302802	8.951002

460	9.763422	8.868064
461	7.696942	9.610397

462	9.30647	8.974318463	9.652041	8.809748464	9.343769	9.09552

465	9.637938	8.963766466	9.431211	9.673112467	9.363408	9.75121

468	9.02569	9.503627

469	8.874911	10.502125

470	11.980895	8.008272999999999

471	9.442319	8.965811472	8.392154	9.93472474	9.283201	8.728108475	9.003995	9.635767476	8.51209	10.682005

477	10.240436	9.67623478	11.41869	9.967547

479	12.280934	11.466512
480	9.600286	8.595599

481	9.540297	9.380851
482	9.375088	10.040078483	9.404789	9.439015484	9.230634	9.779872485	9.29311	10.28709
486	9.03849	9.747735

487	9.21649	9.798281488	8.85776	9.491041
489	9.601447	9.328921490	9.336433	9.477244
493	9.363454	9.318578
494	10.375545	10.217654
495	9.300053	9.193969497	9.498497	10.447804498	8.659549	9.613789

499	9.684079	8.368441500	8.970407	9.34572
501	9.55391	8.422388999999999502	9.846837	9.475915
503	9.892377	8.466539000000001

505	10.539082	8.874179506	9.492361	8.951683

507	9.804189	9.911398508	9.453259	10.163743
510	10.335717	8.769656511	8.76455	10.39039512	9.437533	9.317462

513	8.70353	9.535613
514	10.913567	9.376909515	9.217927	10.507919
516	9.328493	9.653757517	10.179801	10.601201519	8.963697	10.536195
520	9.860172	10.019971522	10.402077	9.39292523	11.039398	10.795165524	9.38258	8.411463999999999525	9.789203	10.028056526	8.980686	9.972839
527	8.565925	8.865847
528	9.53327	8.969968
529	9.778502	8.813772530	9.95615	10.189253531	9.172941	9.251836

532	8.874243	9.679894
533	9.618269	8.56461
534	8.796936	10.654155535	9.561845	9.790233536	9.211736	8.878304537	10.931572	10.170761539	9.740202	10.202568

541	13.106959	13.505786
543	9.974515	8.891287
544	9.581894	9.095001
545	9.726145	10.08389546	8.61086	10.113569547	9.818053	9.174737
548	8.922744	9.062844549	10.104136	8.607051

550	9.844352	10.213679551	10.157294	8.737021552	9.956665	9.419619
553	9.473993	8.527677
554	10.07167	10.32166
555	8.941534	9.594655

556	9.356324	9.228043
557	10.000416	9.591562558	8.854152	9.491754559	9.171194	9.557848560	9.566087	9.623512561	9.420512	8.504323562	9.610172	4.802652
565	9.872759	9.351959566	9.326936	8.465848000000001567	9.352983	9.78321568	9.595775	9.157612
569	10.077646	8.492306
570	8.709738	9.254362572	9.718707	8.913847573	9.458753	9.312403
574	9.869031	8.717892575	8.919973	10.714848
577	9.974765	9.761165578	9.901578	9.700822
579	9.511056	9.240669580	9.598258	10.57685
582	8.440041	9.840747
583	10.432401	9.670927584	8.974019	9.646232
586	8.578393	13.086408

587	9.240658	8.496527588	10.478747	10.027911
589	9.253162	9.597935
590	9.165525	8.982143

591	9.655932	9.26771
592	9.428797	9.574413593	9.00209	8.915709594	9.755171	9.377013
595	7.723618	10.568497597	4.489764	16.594981597	8.762081	9.594739599	13.366675	17.078501599	12.00498	7.925103
600	9.894733	9.230877601	9.263383	14.863527601	9.290754	10.355198602	9.764491	9.293271
603	8.598441	8.372287
604	9.814935	9.762847605	9.634288	8.51345
606	9.671734	9.26665607	9.475412	8.724669608	9.515621	11.44749

609	9.472546	8.643004

610	9.270364	8.773584611	11.258818	9.327487
612	9.401843	9.727962614	9.944685	8.681949615	10.014176	9.978293
616	9.410193	8.530097

617	8.531844	9.48268

618	8.79586	9.704841619	10.427912	10.261827620	8.822874	8.546115
621	9.355807	9.965841622	8.526142	8.630266
623	10.338764	6.909158
624	10.116798	9.292929625	9.425051	10.550082626	9.742249	9.751376

627	9.037121	9.142815
628	10.079031	9.57249629	9.77689	9.471378630	9.629707	10.148485631	9.197147	10.558406632	9.09167	9.469097

633	10.498591	9.327301634	9.626478	8.866815635	7.67738	9.508775
636	8.477026	9.622006637	8.70708	10.466149
638	9.123317	9.313869639	9.273943	9.596283
641	8.927535	9.724504642	10.543205	8.65077

643	8.333583	8.368147644	11.263863	10.038336
646	9.271038	9.370092

647	8.439349	9.137584648	8.738927	11.395643649	10.132074	9.571405

650	9.19351	9.672835

651	9.175099	10.17863
652	9.229627	8.75344653	8.966739	8.977901654	8.267436	8.646845
655	8.567209	9.098337656	9.752277	8.567308657	9.617753	9.574796658	9.76392	8.262614660	9.405822	8.699764661	9.183228	8.464502
663	14.66366	9.453518
665	8.548973	8.936137666	10.085918	10.867567667	9.672385	9.601265
668	9.914693	9.27409669	8.657448	10.248523
670	10.781141	9.326422671	10.130578	9.975063

672	9.106633	9.98229673	9.726446	10.623958
674	8.894474	9.04562675	10.232086	9.464447
676	12.919546	9.136491676	9.518132	9.963836677	10.015953	9.297991
678	16.363462	5.658279678	8.174395	9.85473679	9.508471	9.214441680	8.54982	9.332284682	9.097238	8.627961
683	9.632724	9.802851
684	8.663074	9.114875685	8.482922	8.724012686	8.930653	8.452299
687	10.493852	9.732849

688	8.311838	8.856278
689	10.05977	9.390338690	9.780555	9.865542691	8.871647	9.120921
692	8.950411	8.623543694	12.72501	12.64253694	7.894801	8.80327695	10.101741	9.446239
697	16.634496	3.64078697	8.834766	7.970003698	9.694282	9.649006
699	9.640954	9.392996
700	8.035322	9.512657
701	8.581209	8.794438
703	9.754808	8.413903999999999704	10.125975	10.16739705	10.438397	9.984311706	9.744613	10.270769707	8.973847	8.639724
708	8.594492	9.719294

709	9.512099	9.776992710	10.321742	10.318245711	9.991478	9.63559712	10.771764	8.780593
713	8.716743	9.908664714	9.486722	8.809296
715	8.989955	9.627688716	8.533678	7.817524
717	9.813322	9.702326719	9.593547	10.610723
720	9.730021	11.184335722	9.291515	8.161183000000001
723	8.744213	10.12151724	8.313082	9.9455

725	9.602713	8.826328

726	7.748173	10.753851
727	9.645816	9.771437728	10.289187	7.570051729	9.377044	9.251298
730	10.028753	9.501046731	10.563621	9.67155732	10.447222	10.237131734	9.560783	8.763738735	10.17879	9.238622736	9.522036	9.722934737	9.186636	9.619707738	9.963885	9.589086

739	9.711882	9.420862
740	8.716428	10.057522
741	10.033631	8.77273742	8.271034	9.653968743	10.334631	13.991154

744	9.275294	9.450707746	9.490758	10.22828
749	8.5459	8.63149750	8.64505	8.999284
751	9.646175	9.841821
754	10.323296	10.421312755	9.572719	7.813165756	10.408199	9.271916757	9.275459	9.021415

758	10.373596	8.934823759	8.993448	9.363191
760	8.899074	7.84366761	8.906576	10.230018762	9.05583	9.481315763	9.491373	9.206746764	9.636675	9.311316764	9.596387	8.865824765	9.146559	9.186658

766	9.128609	8.496539
767	9.632518	10.685721
768	8.999976	9.195335
770	8.884469	9.695191
771	7.918572	8.804552772	9.090037	10.15259
773	10.225106	8.291202774	9.238309	9.243206
775	9.61048	10.916466776	9.970175	9.351134777	9.155181	9.123455
778	10.143308	9.51089
779	9.901682	8.308735
780	9.392386	9.650661781	8.991744	9.386039782	10.629439	12.471384
783	10.326793	11.251156
784	12.159307	9.483015

785	8.938233	8.711452787	10.375981	8.429086788	9.236438	8.660654
789	8.668967	9.460919791	7.432606	6.932208

792	10.076115	9.966058
793	8.378188999999999	9.338237
794	9.188338	9.209973
795	10.166169	9.630653796	7.778251	9.927962797	10.34671	9.965142

798	9.115247	9.982583799	9.418677	10.592285
800	8.474865000000001	8.868722801	9.331668	8.949307
802	10.274128	9.181476
803	8.870498	10.501978
804	10.054621	10.162872805	11.558229	8.343202999999999
807	8.614668	8.737752
808	10.306561	9.975406809	9.124404	9.520157
810	10.368599	8.085477000000001
811	9.605237	10.23706812	9.778067	8.951748
813	9.682783	9.389412
815	8.611872	8.091946

816	10.486057	8.53528
817	9.372753	9.091927818	9.498384	9.768059
819	9.576093	9.218772820	9.760886	9.75051821	9.357159	9.780694822	8.875254	9.571715
823	10.27667	10.045031824	9.889791	8.483314825	9.74206	9.070053826	7.734822	9.960048
828	10.035138	10.393907

830	9.404439	9.476324831	9.967601	8.486132832	8.583739	10.584084
833	10.908902	9.170568
834	10.085824	7.963642835	9.300151	10.30567
836	10.676745	7.986572837	9.624819	9.361459838	10.33274	10.614888

839	10.557104	8.464233840	9.405752	9.182437
841	9.480747	8.426316842	9.544788	9.356178
843	9.70066	10.140299844	10.281374	9.717433
845	9.600011	10.110503846	9.71767	9.849616
847	9.794743	9.403087

848	10.080792	9.488569849	6.280414	8.140008850	10.456515	8.785519
851	11.40025	9.521741

852	8.49895	10.357975853	9.557636	10.402157854	8.683172	10.238343855	9.16451	10.379607

856	9.531831	9.819963858	10.710489	9.297008859	9.159024	10.119146860	9.586541	10.058805
861	9.615485	9.639403
862	9.043553	9.064272
863	10.193739	9.517571

864	9.37318	10.040225
865	9.208382	9.917124866	9.530069	9.110288
867	12.445101	11.34407
868	9.171257	9.259903
869	10.548083	9.498365

870	9.471287	8.387270000000001871	11.533459	8.384515
872	10.135527	9.687537
873	9.428147	9.358187

874	9.697836	10.188915875	11.38544	8.991887
876	10.314514	10.333272
877	10.040917	10.249286878	9.487101	8.849007879	9.321266	9.723068
880	9.383448	9.404982

882	9.802714	9.757814
883	9.870237	9.505383884	9.485598	8.851545
885	9.95809	10.173627887	14.258301	7.68638887	8.209098000000001	4.443827000000001
888	8.510767	8.409672
889	9.41877	9.556572890	9.505911	9.909393891	11.321859	8.588086
892	10.471192	9.493247892	12.251742	15.776146
893	7.7831	9.263754
894	15.748573	14.241958
895	8.668193	9.350828896	11.025738	9.519531897	3.810773	14.324787

898	8.434583	8.516734899	7.081385	16.653783899	9.801065	10.190224900	9.831157	8.993903901	9.815363	10.003883

902	9.444583	11.062667
903	10.112637	9.727582904	10.245591	8.843673905	9.567359	9.51817
906	9.13741	9.628082
907	10.463309	8.660225
909	9.411519	9.612925

910	9.662852	9.637816911	9.809237	9.660971912	9.921013	9.339133913	10.33587	10.426467
915	9.870074	10.263278
916	9.007632	9.599182
917	9.284705	10.196197918	9.196668	10.082118919	10.586546	10.553235
920	10.426007	9.45393
921	9.567812	9.118535922	9.210008	10.095183923	9.78079	8.637215
924	9.095171	9.306329925	10.161851	8.47061926	10.263713	8.859041
927	8.948385	9.551531
928	9.602667	9.368221

929	8.74427	9.828157

930	9.460722	9.457027931	8.62334	9.611358
932	10.503007	8.982984933	9.891271	9.388891
934	11.373484	7.857416935	9.086838	10.256369936	9.167785	9.623882937	9.12238	10.218791
939	8.029699	9.667427
940	9.078751	9.266045
941	10.153382	8.457608942	9.040686	9.77617
943	9.459464	9.318683944	7.981471	7.439808

945	9.629721	9.574884
946	9.323039	9.7057
947	7.825762	9.487668
950	11.205885	9.461111951	8.631459	8.927399

953	8.249680999999999	8.689769954	10.91851	10.882556

955	9.187344	10.287747956	9.404004	9.02502
957	9.680249	9.229149
958	9.739497	9.459962
960	9.60537	10.197879961	10.283134	9.645106962	8.562403	8.680449
963	8.041729	8.362998000000001
965	9.398172	11.489258
966	8.86585	9.814314
969	9.03364	9.610335970	9.905809	9.495914971	9.841705	9.012278972	7.793747	10.511089
974	9.117324	9.591403
975	9.290729	10.137842976	9.630315	10.034107977	8.323103	8.771224978	9.746053	8.951688
979	9.878308	9.481143980	10.007447	9.006229981	9.513597	9.480999

983	7.752611	9.14271984	9.367866	9.61326985	9.699101	9.660866986	8.383607	9.315855987	9.033267	8.929967988	9.319736	11.084465989	8.877678	7.876066

990	10.318851	10.44643991	9.091796	9.833322992	9.793968	8.882025
993	9.095992	9.871241
994	7.922595	9.354909
995	10.094929	9.599987996	10.411702	9.941472997	8.419352	9.719264
998	9.465718	10.127377
999	9.547602	9.5730850	9.459442	10.4414071	9.432446	11.011151
2	10.513594	8.509869
3	10.087784	9.634015	9.952222	10.102043
6	9.3213	8.43977
7	9.709757	9.223408

8	8.425931	11.140298	15.581794	13.3407429	9.796021	8.5076479	13.429446	14.766689
10	9.526225	9.16859612	10.923126	9.59236312	9.723996	16.73567414	12.59031	17.142268
15	10.459844	10.018013
16	10.923911	9.368678
17	9.186119	9.418194
18	8.996232	9.50747419	9.160132	8.915131
20	8.902965	11.016769
21	9.351404	9.78635222	8.941104	8.94309323	9.873786	9.47530924	9.14993	9.762441
26	9.449103	9.293832
28	9.285302	8.83507
29	10.414422	9.46898530	9.701446	8.753364
31	8.186816	11.407332
32	9.482799	8.824433
33	9.229923	9.659978

34	9.967846	9.100416
35	9.347635	9.390398
36	9.583323	10.20072438	9.178132	9.47809939	9.517597	9.036618
41	10.456532	9.52259
42	10.19039	10.16306143	9.706287	9.60218844	9.785063	8.960815
45	9.966009	9.867943

47	9.308177	9.89620348	9.972283	10.24881649	8.973253	9.391842
50	10.076801	9.151947

52	9.468261	9.901891
53	8.90869	9.6773554	9.777749	9.40995255	9.991617	11.424134
56	6.449354	15.388541

57	15.910692	15.036238
58	9.585964	9.64370859	10.366319	8.730358
60	9.454974	9.64922461	11.037204	10.657885

62	10.278371	8.693725
63	8.51207	9.30699963	10.990195	16.4611464	10.269955	9.63426165	10.783276	8.7378566	7.577865	15.352467	9.206783	9.202353
68	9.261217	9.96445469	9.406217	9.733025
70	9.83309	9.171717

71	9.942726	9.532315

72	9.54516	10.80012873	10.967909	8.610614

74	9.305083	8.90749575	7.864157	13.32912
76	9.335681	9.276359
77	9.967256	9.636846

78	11.779838	11.28005778	7.88955	7.468193
79	9.199782	9.27238380	8.807105	9.46098881	7.852598	9.634768

82	9.299167	10.18659184	9.891324	9.038188
85	9.177672	10.28200387	9.395193	8.492425

88	8.602426	8.97100189	9.139106	9.475297

90	9.64675	10.385724
91	8.579276	10.294452

92	9.721299	10.203558
93	9.600578	10.072902
94	8.297038	8.26232195	10.372997	9.658843
96	9.691109	9.395886

97	8.744818	7.4857498	9.140511	9.19987199	9.790033	9.841684100	8.892924	9.522122
101	9.667033	9.67042
102	8.707715	9.491651103	9.675399	8.914133105	9.591243	9.762447
106	8.948803	9.918241
107	10.31066	8.834349108	8.305657	10.012583
111	9.311221	8.616994
112	9.602206	8.792469113	11.230451	9.439889
114	9.92406	10.734014
115	9.713353	9.226092
116	10.141855	9.439944
117	10.021103	9.192579118	8.949404	10.280824
119	8.901979	10.229988

120	7.746395	6.73255
121	9.648947	10.487485
122	8.401456	8.78084123	9.795487	9.614156

124	9.475621	10.448178
125	9.640585	9.74952126	9.205237	9.976186
127	9.322688	9.71765128	10.259492	10.745754128	12.765038	16.921794
129	15.097272	15.98079

131	10.154406	9.936374132	10.306349	9.129077133	10.800188	10.20345135	9.571992	8.322755

136	11.14019	10.090715137	9.833077	9.342702
138	10.504504	7.206462

139	9.245847	9.605037

140	10.420096	9.71414
142	10.025706	10.390411

143	7.727286	9.66495144	8.613908	9.665758

145	9.54161	9.406087
146	9.746713	8.428291
147	9.23634	9.641385

148	9.623123	10.015544149	10.556855	8.994827151	9.601621	9.514554
152	8.512427	9.06978
154	7.293244	10.004935
155	11.043013	8.795147156	9.597978	9.442968

158	9.496229	9.790044

159	10.036892	10.432311160	9.647616	9.92716161	6.30872	16.699103
162	10.602032	4.134126162	4.220822	14.927446
163	4.934765	16.863578

164	9.413407	9.408868165	4.430717	17.49522

166	16.146915	6.088343
167	9.622037	9.720598
168	9.718552	10.031289

169	10.689478	9.474439
170	9.945674	8.476455999999999

171	10.169317	9.626514
173	8.712308	10.47646173	16.013657000000002	7.965351174	9.353384	9.832031175	15.290058	14.873261
176	9.377717	8.781355
177	9.415293	9.602132
178	10.559681	8.489812179	12.624122	15.458426

180	8.632928	10.578586181	8.046364	9.613099
182	12.800171	4.15702182	10.299932	9.37056
183	9.538199	9.783896
184	8.758348	9.472575
185	9.606708	9.447963186	9.022189	9.416519187	8.844955	10.361104188	8.786296	10.782651
189	9.560326	10.414665
190	14.692231	12.845343

191	16.105261	14.262695191	10.232268	11.958085
192	9.451556	9.744208193	10.178799	9.892367
194	9.768033	9.152168
195	8.520511	8.643348

197	8.046857	9.384574
198	9.264692	9.556514199	8.335025	9.467003
201	10.208735	8.920259202	9.576125	9.736939203	10.037982	8.654868204	9.39342	8.589235205	9.985867	9.500531
207	10.083794	9.611165208	9.330829	8.779155
210	9.27031	9.524419211	8.759239	10.342
212	9.335699	9.266026
213	9.812337	10.18687214	9.580257	9.463257215	10.17018	9.158172
216	9.054331	8.639742217	9.815167	10.500963

218	9.557322	9.57009
219	9.241585	9.233925220	8.55538	12.000134
221	9.759466	10.036944222	9.551173	8.966096
223	8.288736	12.024776224	8.575788	9.709344
225	8.695759	9.504156
226	9.259723	9.358426227	10.473998	10.761692229	10.233563	9.955124

231	8.896603	9.926223232	9.019595	9.479833233	9.049267	8.953373
234	9.448702	10.023322235	8.982787	8.250015999999999236	8.736782	9.563543237	9.356971	9.554101
238	9.716069	9.676668239	10.110383	10.659409240	8.636159	9.631256
241	10.160915	9.496405
242	8.722732	9.946431
243	9.434383	9.32788244	9.609349	7.717034

245	8.637746	7.990734246	10.61587	8.893119247	8.96519	9.761468248	8.858418	10.052031
249	8.860466	9.252295250	10.418405	8.626026251	9.944449	9.139601
252	9.371446	9.912573253	8.709337	10.276266254	8.574758	10.01242
255	10.408636	9.788207256	9.25674	10.052631
257	10.368513	9.154814258	8.952143	9.506044259	9.629488	9.316217260	9.992436	9.541613261	9.61109	10.544017
262	9.492135	9.280115
263	11.082605	10.74261264	9.631953	9.612598
265	9.305197	9.799207266	9.475075	9.296864
267	10.366376	9.059324
268	10.102677	9.918151
269	9.735819	9.949148270	9.520308	7.960794
271	9.016748	10.472432272	9.622469	9.408753
273	10.053521	9.008268

276	8.912152	7.904799278	8.811357	10.452911
279	8.840756	8.578625280	9.403759	8.796773281	9.295274	9.333741282	9.607906	10.092402

283	15.342291	9.721947283	9.341579	9.677761284	15.311441	8.082656284	9.287119	8.910852285	8.724951	9.88024

287	10.301257	9.230775288	9.562791	9.289001289	8.840093	9.694849
290	10.239204	9.322335
291	9.430776	10.783811292	10.092542	8.944579293	9.343619	9.480939
294	10.022909	9.272306295	10.49069	8.644189

296	9.602963	9.593977
297	9.886827	9.220072

298	6.180389	9.013728
299	8.482289999999999	8.583191300	9.54725	8.654556
301	8.949053	8.991326
302	9.265591	9.071803303	9.485789	9.346649
304	10.426431	9.44617
305	9.66596	10.374171306	9.322515	9.404958
307	10.649849	9.859483308	9.820247	10.14803
309	8.622268	9.75038310	9.513828	9.43775
311	9.582252	9.412637312	9.501602	8.721348
313	8.85063	9.998197
314	10.183313	10.119171315	7.513418	10.412599
316	8.520125	9.308908
317	10.217756	8.732545
318	9.252732	9.565167

319	9.836966	8.560353
320	9.844082	10.091217
321	9.048518	9.425503322	9.932274	10.325944
324	9.868621	9.691168325	9.855335	9.893609

326	8.423636	9.268569
327	9.336316	11.416527328	8.983461	10.016058329	8.635979	10.071196330	9.798814	10.064302331	9.241205	10.000012

332	10.280651	8.678213333	10.203309	9.557999
334	8.148253	9.099328

335	9.477956	8.085328
336	9.9102	8.359399

337	8.766652	9.708107339	9.456902	8.762657340	9.762652	8.892469341	11.447203	10.039436
342	9.435681	10.204056
343	10.081695	9.557274344	8.495608	9.575706
346	10.260284	10.212995
347	8.387623999999999	8.775774348	10.890715	9.910673
350	9.409801	9.442198352	10.124144	9.572712
353	9.607394	10.450732354	10.300284	10.13578
355	9.916445	9.520192356	9.577306	10.29444357	10.031974	10.374641
358	9.893102	9.455996
359	9.849367	11.523375
360	9.723749	10.202613361	10.221453	8.466171
362	9.270261	9.56505363	8.925141	10.084034
364	9.343234	9.308858365	10.505149	9.561281
366	8.806382	8.081416367	10.980072	8.7603
368	9.713557	10.026188369	9.46409	9.445495370	10.039796	9.349119371	8.599138	9.636897

372	9.476614	9.585895373	9.964834	9.650571374	8.519028	9.966376

375	10.47841	9.319503376	9.77772	8.750346377	10.371995	7.329162
378	9.08844	8.900935379	9.823706	9.03739380	9.679473	9.386816
382	9.30102	9.540286383	10.756041	10.494173
385	10.044416	9.449247386	9.555737	8.986307387	9.428245	9.229541388	9.941476	9.499498389	9.26583	10.063245390	9.497209	9.263624
392	9.449406	9.399263

393	9.713704	9.767738395	9.379906	9.248186396	8.311900999999999	11.126697

397	8.325738999999999	9.311774400	9.681918	9.58172
401	8.491316999999999	8.947985
402	10.359172	10.647189403	10.143218	9.66905
404	8.074404999999999	10.126075405	10.147089	9.499735
406	8.658128	10.270488407	9.213886	10.044704
408	9.000778	9.397242409	7.926557	9.989796
410	9.245997	9.667754411	8.737878	8.879627
412	9.564049	10.525615413	8.670602	9.572435415	9.280908	9.997541
416	9.900822	8.462996417	8.974349	9.873363418	8.362219	9.612186
419	10.51741	10.150184
420	9.75671	10.363066

422	8.43228	10.148012
423	10.440441	8.637487
424	9.813013	10.340326425	9.184441	10.149774426	9.796704	9.385746427	9.250512	8.939483428	8.63903	9.394576

429	9.974337	8.8341430	9.823712	8.643957430	9.474886	12.301409431	14.232911	13.304024432	14.474847	11.07594432	10.379246	10.705022
434	7.512009	8.940399

435	8.667512	9.253374437	10.510778	8.991376
438	11.032934	9.980734441	10.361897	9.177195
442	10.280783	9.303305
443	9.507367	9.65278445	10.144871	10.456981446	10.338281	9.550055

447	9.067547	10.451055

448	9.401569	9.655236449	8.788223	9.222771450	8.586019	9.049264
451	9.394512	9.547964452	9.815213	10.211359
453	9.483199	9.410834454	10.107975	9.231493455	9.396805	9.764458

456	9.947342	9.232931457	9.716828	8.788004458	11.397953	10.119413

459	9.302802	8.951002

460	9.763422	8.868064
461	7.696942	9.610397

462	9.30647	8.974318463	9.652041	8.809748464	9.343769	9.09552

465	9.637938	8.963766466	9.431211	9.673112467	9.363408	9.75121

468	9.02569	9.503627

469	8.874911	10.502125

470	11.980895	8.008272999999999

471	9.442319	8.965811472	8.392154	9.93472474	9.283201	8.728108475	9.003995	9.635767476	8.51209	10.682005

477	10.240436	9.67623478	11.41869	9.967547

479	12.280934	11.466512
480	9.600286	8.595599

481	9.540297	9.380851
482	9.375088	10.040078483	9.404789	9.439015484	9.230634	9.779872485	9.29311	10.28709
486	9.03849	9.747735

487	9.21649	9.798281488	8.85776	9.491041
489	9.601447	9.328921490	9.336433	9.477244
493	9.363454	9.318578
494	10.375545	10.217654
495	9.300053	9.193969497	9.498497	10.447804498	8.659549	9.613789

499	9.684079	8.368441500	8.970407	9.34572
501	9.55391	8.422388999999999502	9.846837	9.475915
503	9.892377	8.466539000000001

505	10.539082	8.874179506	9.492361	8.951683

507	9.804189	9.911398508	9.453259	10.163743
510	10.335717	8.769656511	8.76455	10.39039512	9.437533	9.317462

513	8.70353	9.535613
514	10.913567	9.376909515	9.217927	10.507919
516	9.328493	9.653757517	10.179801	10.601201519	8.963697	10.536195
520	9.860172	10.019971522	10.402077	9.39292523	11.039398	10.795165524	9.38258	8.411463999999999525	9.789203	10.028056526	8.980686	9.972839
527	8.565925	8.865847
528	9.53327	8.969968
529	9.778502	8.813772530	9.95615	10.189253531	9.172941	9.251836

532	8.874243	9.679894
533	9.618269	8.56461
534	8.796936	10.654155535	9.561845	9.790233536	9.211736	8.878304537	10.931572	10.170761539	9.740202	10.202568

541	13.106959	13.505786
543	9.974515	8.891287
544	9.581894	9.095001
545	9.726145	10.08389546	8.61086	10.113569547	9.818053	9.174737
548	8.922744	9.062844549	10.104136	8.607051

550	9.844352	10.213679551	10.157294	8.737021552	9.956665	9.419619
553	9.473993	8.527677
554	10.07167	10.32166
555	8.941534	9.594655

556	9.356324	9.228043
557	10.000416	9.591562558	8.854152	9.491754559	9.171194	9.557848560	9.566087	9.623512561	9.420512	8.504323562	9.610172	4.802652
565	9.872759	9.351959566	9.326936	8.465848000000001567	9.352983	9.78321568	9.595775	9.157612
569	10.077646	8.492306
570	8.709738	9.254362572	9.718707	8.913847573	9.458753	9.312403
574	9.869031	8.717892575	8.919973	10.714848
577	9.974765	9.761165578	9.901578	9.700822
579	9.511056	9.240669580	9.598258	10.57685
582	8.440041	9.840747
583	10.432401	9.670927584	8.974019	9.646232
586	8.578393	13.086408

587	9.240658	8.496527588	10.478747	10.027911
589	9.253162	9.597935
590	9.165525	8.982143

591	9.655932	9.26771
592	9.428797	9.574413593	9.00209	8.915709594	9.755171	9.377013
595	7.723618	10.568497597	4.489764	16.594981597	8.762081	9.594739599	13.366675	17.078501599	12.00498	7.925103
600	9.894733	9.230877601	9.263383	14.863527601	9.290754	10.355198602	9.764491	9.293271
603	8.598441	8.372287
604	9.814935	9.762847605	9.634288	8.51345
606	9.671734	9.26665607	9.475412	8.724669608	9.515621	11.44749

609	9.472546	8.643004

610	9.270364	8.773584611	11.258818	9.327487
612	9.401843	9.727962614	9.944685	8.681949615	10.014176	9.978293
616	9.410193	8.530097

617	8.531844	9.48268

618	8.79586	9.704841619	10.427912	10.261827620	8.822874	8.546115
621	9.355807	9.965841622	8.526142	8.630266
623	10.338764	6.909158
624	10.116798	9.292929625	9.425051	10.550082626	9.742249	9.751376

627	9.037121	9.142815
628	10.079031	9.57249629	9.77689	9.471378630	9.629707	10.148485631	9.197147	10.558406632	9.09167	9.469097

633	10.498591	9.327301634	9.626478	8.866815635	7.67738	9.508775
636	8.477026	9.622006637	8.70708	10.466149
638	9.123317	9.313869639	9.273943	9.596283
641	8.927535	9.724504642	10.543205	8.65077

643	8.333583	8.368147644	11.263863	10.038336
646	9.271038	9.370092

647	8.439349	9.137584648	8.738927	11.395643649	10.132074	9.571405

650	9.19351	9.672835

651	9.175099	10.17863
652	9.229627	8.75344653	8.966739	8.977901654	8.267436	8.646845
655	8.567209	9.098337656	9.752277	8.567308657	9.617753	9.574796658	9.76392	8.262614660	9.405822	8.699764661	9.183228	8.464502
663	14.66366	9.453518
665	8.548973	8.936137666	10.085918	10.867567667	9.672385	9.601265
668	9.914693	9.27409669	8.657448	10.248523
670	10.781141	9.326422671	10.130578	9.975063

672	9.106633	9.98229673	9.726446	10.623958
674	8.894474	9.04562675	10.232086	9.464447
676	12.919546	9.136491676	9.518132	9.963836677	10.015953	9.297991
678	16.363462	5.658279678	8.174395	9.85473679	9.508471	9.214441680	8.54982	9.332284682	9.097238	8.627961
683	9.632724	9.802851
684	8.663074	9.114875685	8.482922	8.724012686	8.930653	8.452299
687	10.493852	9.732849

688	8.311838	8.856278
689	10.05977	9.390338690	9.780555	9.865542691	8.871647	9.120921
692	8.950411	8.623543694	12.72501	12.64253694	7.894801	8.80327695	10.101741	9.446239
697	16.634496	3.64078697	8.834766	7.970003698	9.694282	9.649006
699	9.640954	9.392996
700	8.035322	9.512657
701	8.581209	8.794438
703	9.754808	8.413903999999999704	10.125975	10.16739705	10.438397	9.984311706	9.744613	10.270769707	8.973847	8.639724
708	8.594492	9.719294

709	9.512099	9.776992710	10.321742	10.318245711	9.991478	9.63559712	10.771764	8.780593
713	8.716743	9.908664714	9.486722	8.809296
715	8.989955	9.627688716	8.533678	7.817524
717	9.813322	9.702326719	9.593547	10.610723
720	9.730021	11.184335722	9.291515	8.161183000000001
723	8.744213	10.12151724	8.313082	9.9455

725	9.602713	8.826328

726	7.748173	10.753851
727	9.645816	9.771437728	10.289187	7.570051729	9.377044	9.251298
730	10.028753	9.501046731	10.563621	9.67155732	10.447222	10.237131734	9.560783	8.763738735	10.17879	9.238622736	9.522036	9.722934737	9.186636	9.619707738	9.963885	9.589086

739	9.711882	9.420862
740	8.716428	10.057522
741	10.033631	8.77273742	8.271034	9.653968743	10.334631	13.991154

744	9.275294	9.450707746	9.490758	10.22828
749	8.5459	8.63149750	8.64505	8.999284
751	9.646175	9.841821
754	10.323296	10.421312755	9.572719	7.813165756	10.408199	9.271916757	9.275459	9.021415

758	10.373596	8.934823759	8.993448	9.363191
760	8.899074	7.84366761	8.906576	10.230018762	9.05583	9.481315763	9.491373	9.206746764	9.636675	9.311316764	9.596387	8.865824765	9.146559	9.186658

766	9.128609	8.496539
767	9.632518	10.685721
768	8.999976	9.195335
770	8.884469	9.695191
771	7.918572	8.804552772	9.090037	10.15259
773	10.225106	8.291202774	9.238309	9.243206
775	9.61048	10.916466776	9.970175	9.351134777	9.155181	9.123455
778	10.143308	9.51089
779	9.901682	8.308735
780	9.392386	9.650661781	8.991744	9.386039782	10.629439	12.471384
783	10.326793	11.251156
784	12.159307	9.483015

785	8.938233	8.711452787	10.375981	8.429086788	9.236438	8.660654
789	8.668967	9.460919791	7.432606	6.932208

792	10.076115	9.966058
793	8.378188999999999	9.338237
794	9.188338	9.209973
795	10.166169	9.630653796	7.778251	9.927962797	10.34671	9.965142

798	9.115247	9.982583799	9.418677	10.592285
800	8.474865000000001	8.868722801	9.331668	8.949307
802	10.274128	9.181476
803	8.870498	10.501978
804	10.054621	10.162872805	11.558229	8.343202999999999
807	8.614668	8.737752
808	10.306561	9.975406809	9.124404	9.520157
810	10.368599	8.085477000000001
811	9.605237	10.23706812	9.778067	8.951748
813	9.682783	9.389412
815	8.611872	8.091946

816	10.486057	8.53528
817	9.372753	9.091927818	9.498384	9.768059
819	9.576093	9.218772820	9.760886	9.75051821	9.357159	9.780694822	8.875254	9.571715
823	10.27667	10.045031824	9.889791	8.483314825	9.74206	9.070053826	7.734822	9.960048
828	10.035138	10.393907

830	9.404439	9.476324831	9.967601	8.486132832	8.583739	10.584084
833	10.908902	9.170568
834	10.085824	7.963642835	9.300151	10.30567
836	10.676745	7.986572837	9.624819	9.361459838	10.33274	10.614888

839	10.557104	8.464233840	9.405752	9.182437
841	9.480747	8.426316842	9.544788	9.356178
843	9.70066	10.140299844	10.281374	9.717433
845	9.600011	10.110503846	9.71767	9.849616
847	9.794743	9.403087

848	10.080792	9.488569849	6.280414	8.140008850	10.456515	8.785519
851	11.40025	9.521741

852	8.49895	10.357975853	9.557636	10.402157854	8.683172	10.238343855	9.16451	10.379607

856	9.531831	9.819963858	10.710489	9.297008859	9.159024	10.119146860	9.586541	10.058805
861	9.615485	9.639403
862	9.043553	9.064272
863	10.193739	9.517571

864	9.37318	10.040225
865	9.208382	9.917124866	9.530069	9.110288
867	12.445101	11.34407
868	9.171257	9.259903
869	10.548083	9.498365

870	9.471287	8.387270000000001871	11.533459	8.384515
872	10.135527	9.687537
873	9.428147	9.358187

874	9.697836	10.188915875	11.38544	8.991887
876	10.314514	10.333272
877	10.040917	10.249286878	9.487101	8.849007879	9.321266	9.723068
880	9.383448	9.404982

882	9.802714	9.757814
883	9.870237	9.505383884	9.485598	8.851545
885	9.95809	10.173627887	14.258301	7.68638887	8.209098000000001	4.443827000000001
888	8.510767	8.409672
889	9.41877	9.556572890	9.505911	9.909393891	11.321859	8.588086
892	10.471192	9.493247892	12.251742	15.776146
893	7.7831	9.263754
894	15.748573	14.241958
895	8.668193	9.350828896	11.025738	9.519531897	3.810773	14.324787

898	8.434583	8.516734899	7.081385	16.653783899	9.801065	10.190224900	9.831157	8.993903901	9.815363	10.003883

902	9.444583	11.062667
903	10.112637	9.727582904	10.245591	8.843673905	9.567359	9.51817
906	9.13741	9.628082
907	10.463309	8.660225
909	9.411519	9.612925

910	9.662852	9.637816911	9.809237	9.660971912	9.921013	9.339133913	10.33587	10.426467
915	9.870074	10.263278
916	9.007632	9.599182
917	9.284705	10.196197918	9.196668	10.082118919	10.586546	10.553235
920	10.426007	9.45393
921	9.567812	9.118535922	9.210008	10.095183923	9.78079	8.637215
924	9.095171	9.306329925	10.161851	8.47061926	10.263713	8.859041
927	8.948385	9.551531
928	9.602667	9.368221

929	8.74427	9.828157

930	9.460722	9.457027931	8.62334	9.611358
932	10.503007	8.982984933	9.891271	9.388891
934	11.373484	7.857416935	9.086838	10.256369936	9.167785	9.623882937	9.12238	10.218791
939	8.029699	9.667427
940	9.078751	9.266045
941	10.153382	8.457608942	9.040686	9.77617
943	9.459464	9.318683944	7.981471	7.439808

945	9.629721	9.574884
946	9.323039	9.7057
947	7.825762	9.487668
950	11.205885	9.461111951	8.631459	8.927399

953	8.249680999999999	8.689769954	10.91851	10.882556

955	9.187344	10.287747956	9.404004	9.02502
957	9.680249	9.229149
958	9.739497	9.459962
960	9.60537	10.197879961	10.283134	9.645106962	8.562403	8.680449
963	8.041729	8.362998000000001
965	9.398172	11.489258
966	8.86585	9.814314
969	9.03364	9.610335970	9.905809	9.495914971	9.841705	9.012278972	7.793747	10.511089
974	9.117324	9.591403
975	9.290729	10.137842976	9.630315	10.034107977	8.323103	8.771224978	9.746053	8.951688
979	9.878308	9.481143980	10.007447	9.006229981	9.513597	9.480999

983	7.752611	9.14271984	9.367866	9.61326985	9.699101	9.660866986	8.383607	9.315855987	9.033267	8.929967988	9.319736	11.084465989	8.877678	7.876066

990	10.318851	10.44643991	9.091796	9.833322992	9.793968	8.882025
993	9.095992	9.871241
994	7.922595	9.354909
995	10.094929	9.599987996	10.411702	9.941472997	8.419352	9.719264
998	9.465718	10.127377
999	9.547602	9.573085