0	9.45692	10.4418691	6.147327	1.0725351	9.432446	11.0111512	18.612754	5.4662372	10.512846	8.5104183	10.08737	9.6394314	2.984629	1.3442954	15.66027	12.8060984	17.024039	12.9798095	18.354056	5.7712535	9.953536	10.1054776	3.206057	1.9398586	9.3213	8.439777	7.745682	1.3780297	9.67651	9.0978377	1.812624	9.0675168	8.425519999999999	11.1365038	15.583575	13.3437639	8.601533	2.25866499999999979	9.793873	8.5053369	13.431047	14.76615410	9.526304	9.1713311	0.961158	5.08453311	1.548128	14.28169712	10.923843	9.59424612	9.72286	16.7407413	16.469029	15.13515813	11.184161	18.09689114	1.2444199999999999	15.79503214	12.591914	17.1418715	1.164549	0.84921415	10.459565	10.01818516	7.527215	1.73077316	10.929262	9.37045817	9.187221	9.41644117	11.524744	17.96692218	8.996111	9.50681319	14.383488	0.58698719	9.16001	8.91525820	1.546337	11.22194220	8.902965	11.01676921	9.349653	9.78781922	8.942784	8.94286623	9.8755	9.47635724	5.231197	5.03186424	9.151279	9.76197425	11.008294	1.9139225	19.259255	6.34993525	8.516608	17.16447926	9.448151	9.290492
27	15.636833	0.75396727	2.034361	3.78976728	9.281839	8.83409
29	10.413812	9.47330630	7.277414	1.5626530	9.692188	8.75150731	8.189191000000001	11.40597831	18.756968	11.74375332	9.482864	8.82304732	9.320053	18.38740933	1.781961	3.56794433	12.899575	4.08871333	9.229293	9.66228334	17.949848	7.16524134	9.963776	9.1046135	18.955098	3.02879835	9.347635	9.39039836	9.583685	10.19985337	3.010939	3.66580437	18.84365	15.42082938	9.178718	9.47578539	3.206706	1.20868239	9.518039	9.0372540	12.974636	4.556406
41	10.454199	9.521509
42	10.190218	10.164643	9.707662	9.60066344	17.064806	2.069817999999999744	9.791189	8.96285745	1.0456940000000001	5.13024445	18.963707	7.61647745	9.968668	9.87209946	4.957145	11.56373446	0.802189	14.08830846	18.897352	14.43874247	9.305291	9.89596948	9.972349	10.24738449	0.993841	5.11401149	8.975358	9.39505350	9.626634	1.56043750	5.93602	9.76061450	10.078812	9.1530451	15.621251	11.586705
52	18.8838	7.18730952	9.496921	9.80953153	8.906997	9.678554	9.775105	9.41043355	0.952866	8.25464155	9.993094	11.42416956	18.777802	6.46636956	6.449354	15.38854156	3.606418	19.22705857	1.535825	6.74834457	15.912573	15.03476158	9.586307	9.63961859	10.366379	8.72644259	4.519765	19.04835760	9.455692	9.64306661	15.815603	1.24444861	11.037204	10.65788561	18.101271	16.569162	10.277935	8.69314862	3.100399	19.19465263	8.507451	9.30450863	10.992142	16.45940464	10.268137	9.63356765	10.780146	8.73513266	7.575533	15.34750267	18.344662	4.30374967	9.209008	9.20279168	9.260041	9.9659969	9.410375	9.73606369	1.057902	13.10762170	1.58264	4.75731370	9.834839	9.165669
71	8.011648000000001	1.96240671	1.027228	6.336456
72	9.547292	10.80306673	10.968075	8.6078473	14.658783	13.654299
74	9.303573	8.90631175	1.309474	3.17171675	7.864157	13.3291276	14.762663	1.66120576	9.332472	9.27854577	9.968533	9.63686177	8.35656	18.92241477	14.696209	18.83439978	7.887471	7.46848378	11.777516	11.27978278	5.073262	14.97171779	9.197061	9.27355280	8.808373	9.46359181	8.688971	0.75505381	7.860167	9.634989
82	9.298752	10.1872583	4.1767590000000006	6.55594883	1.386043	16.72374484	1.347511	9.42293884	9.893123	9.03900585	9.174687	10.28420786	19.237035	11.84362186	0.949112	16.26330187	6.848337	7.55407487	0.981842	8.20520099999999987	9.394111	8.48823588	8.603889	8.97462389	11.627883	0.73824889	18.614598	3.17710689	9.136501	9.47851190	9.646563	10.385363
91	8.903633	10.180097

92	18.523463	4.25530792	9.719132	10.20022193	9.601022	10.0754593	19.174247	11.441494	8.293828000000001	8.26204195	1.0463149999999999	9.8670595	10.372997	9.65884396	12.058448	1.42827396	9.691357	9.39587896	1.004982	15.72631197	8.744818	7.4857498	9.140511	9.19987199	9.790453	9.841824100	8.892187	9.522531
101	5.378416	5.63353101	9.667787	9.667665102	8.712937	9.491241103	9.676168	8.911585104	18.971203	8.550784104	6.133173	19.240376
105	10.655526	1.85062105	9.592856	9.761857107	10.313644	8.836312108	18.023296	3.20562108	8.305914999999999	10.009831109	17.69296	7.279272109	1.405667	14.307759
110	18.828528	10.076699110	6.249033	18.710359111	9.312647	8.6146111	11.821628	18.192187112	9.60342	8.788275113	11.232262	9.441103113	18.700317	12.599276114	8.881078	1.930255114	9.919593	10.738652115	9.709564	9.226975
116	10.142756	9.43978116	14.705664	19.066025117	10.021389	9.195774118	17.480979	6.15049118	8.951354	10.279534119	8.904388	10.228925

120	7.748964	6.732736120	18.67434	11.457548121	9.136813	1.19692121	9.647731	10.486215122	8.401456	8.78084123	1.849025	9.322773123	9.795487	9.614156123	10.37802	16.39273124	9.475241	10.456957124	19.093917	19.423775125	9.640927	9.747265126	16.703753	0.937997126	18.216765	10.677093127	9.32312	9.717932128	10.258448	10.746278128	18.271659	12.110467128	12.765431	16.921192129	18.227986	2.045728129	1.934216	14.824245129	15.099559	15.985484130	11.020556	1.691317130	6.170612	18.377052131	10.155115	9.937814132	10.308991	9.128638133	10.798425	10.203478134	16.567922	1.02317134	1.018975	8.55973
135	1.105146	1.238192135	9.570753	8.323774
136	11.139925	10.090824137	9.831468	9.344523
138	12.0947	1.028068138	10.506909	7.207114
139	13.275294	8.303543999999999139	9.245839	9.613837139	7.877179	13.149897140	10.420992	9.713202140	13.55248	18.240217141	0.98571	14.290875141	19.218714	16.164473142	1.4484089999999998	4.417962142	10.027232	10.3946142	16.744239	18.789259143	7.730741	9.665374144	18.775623	6.649935144	8.613908	9.665758144	10.819854	17.72732145	1.633844	4.021681145	9.544041	9.406303146	1.594837	5.641402146	9.752527	8.429338999999999147	2.0288880000000002	8.226741147	9.235074	9.64234147	5.351989	14.085476148	9.623199	10.013359149	10.554484	8.997806150	13.776274	1.307911150	0.801593	3.918083150	4.916764	18.156787151	9.600913	9.512701151	16.096702	12.915323152	8.508412	9.068854152	18.699259	8.553194153	3.078191	14.444855154	17.973488	6.757168154	7.293208	10.004046155	11.044196	8.795506156	6.582328	3.875007156	9.599352	9.440464
157	14.582939	1.505171157	5.427939	15.270805158	18.955433	0.895268158	9.497472	9.791986158	1.596119	14.208603159	10.038611	10.433742160	9.647616	9.92716161	6.706377	3.141589161	6.307683	16.695459162	10.603485	4.138780000000001162	16.212284	7.704853162	4.218748	14.930711163	7.605512	8.523069163	4.934327	16.860626163	19.162685	18.641135164	9.415284	9.406461165	5.008543	1.541004165	4.433362	17.489159
166	16.141762999999997	6.08575166	18.229988	14.48381167	9.62528	9.724914167	0.96669	14.87875168	18.790878	4.294709168	1.862309	10.848823168	9.717185	10.033806169	10.68696	9.476422169	18.602589	12.735359170	9.947091	8.477088170	18.514484	15.701664170	4.641658	18.84875171	10.170963	9.622129
172	0.706519	6.018168172	5.045564	9.368492172	7.770213	18.781985173	16.014502	7.965955173	8.714993	10.480238174	9.35515	9.83419175	18.269929	10.109523175	15.286365	14.873513176	9.377587	8.776056176	18.971326	9.599856177	8.652507	0.642385177	9.410658	9.60069178	10.558345	8.488177179	6.45218	1.572697179	3.963564	15.73167179	12.625519	15.458047180	8.631985	10.580826181	8.050701	9.6139
182	12.802684	4.157007182	10.299828	9.369632182	18.838881	13.861892183	9.541067	9.784845183	18.153726	10.034887184	13.410425	0.88469184	8.758037	9.472699185	9.605861	9.448691186	9.023182	9.420302187	8.843151	10.35907188	8.785999	10.785234
189	3.673475	1.253139189	9.564915	10.418267190	19.331159	3.260291190	1.480532	6.123625190	14.691825	12.84588191	14.548544	1.366052191	10.232565	11.957071191	16.099370999999998	14.261285192	9.449376	9.743886193	10.177824	9.890313
194	19.263064	4.094555194	9.766614	9.154725195	18.166658	6.148268195	8.520511	8.643348
196	6.375078	3.512235196	18.836398	10.072268197	8.045917	9.386446197	5.579814	15.494358198	9.263878	9.559008199	10.227522	2.395919199	8.335025	9.467003200	4.65218	2.0569759999999997200	14.673285	6.525624200	15.78833	18.067362201	10.205548	8.919815202	9.576074	9.73739203	10.040312	8.657096204	9.401154	8.586821205	0.98373	5.231519205	9.981717	9.5038206	14.933105	1.846734206	2.452992	14.555566206	7.619401	16.288845000000002207	10.088491	9.615603208	0.925889	6.894246208	9.327108	8.781546209	0.776714	5.74884209	16.420522	9.143753209	18.50213	15.152558210	9.270342	9.525707211	7.534993	1.845275211	8.760846	10.344292212	9.341791	9.269782212	15.556544	12.652325213	9.813878	10.182392214	9.578752	9.46356215	2.05311	3.422278215	10.174029	9.159868216	9.055306	8.641745217	4.875876	7.628969217	9.819765	10.502092
218	15.220164	1.478748218	9.561329	9.567863219	9.242238	9.234108220	9.595921	0.921038220	8.554872	11.998734221	9.757477	10.036084222	9.554934	8.965529
223	8.289914	12.027499224	6.692493	1.71383224	8.575788	9.709344225	8.695121	9.500675225	10.909942	13.417913226	9.25783	9.359948227	5.401624	18.131323228	2.95446	1.482427228	19.296546	11.347531228	13.403939	18.756245229	5.148948	4.819566229	10.230747	9.953033229	18.53442	10.071238230	10.30435	1.556631230	19.109585	17.526486231	8.896056	9.925283232	9.019796	9.476203233	12.922876	1.207202233	9.048468	8.953581234	9.449102	10.022438235	8.980643	8.246514999999999236	8.731552	9.569517237	1.122623	1.13278237	9.35289	9.557992238	9.713459	9.675761239	10.109816	10.659048240	13.338346	3.049405240	8.633798	9.629019241	9.763736	9.50161241	1.700601	11.749246242	12.595154	6.082079242	8.719245	9.946295243	9.43506	9.326766244	9.605316	7.720187244	18.630794	15.716825244	13.200919	19.108556245	8.636468	7.992047246	10.617671	8.887787247	8.966192	9.76377248	6.636417	3.350101248	8.857778	10.054219249	8.86084	9.253693250	10.418405	8.626026251	9.944803	9.137678
252	9.369386	9.910807253	8.710839	10.272303254	8.578691	10.013565
255	10.408067	9.78726256	9.255966	10.052751256	17.456178	15.778426257	10.367294	9.154361258	8.950127	9.506872259	9.631607	9.318358260	9.991175	9.540434261	1.2220010000000001	9.09642261	9.611505	10.544754262	9.48798	9.284011262	18.784284	14.300152263	11.087648	10.740599264	1.397051	4.440028264	9.631953	9.612598265	9.297404	9.800733266	9.475075	9.296864266	18.717475	19.207955267	10.37108	9.060657267	18.641771	16.393931000000002268	10.102677	9.918151268	10.165972	18.90441269	9.736807	9.944352270	9.520308	7.960794270	8.382249	16.944347271	9.016215	10.469969272	9.626859	9.412331272	18.904324	11.679152273	10.054805	9.008839273	18.017928	14.989289
274	18.616083	7.74337274	0.9102859999999999	17.636167274	7.0045	18.28932275	13.32694	1.937976275	18.987928	7.732838275	7.977296	9.837303276	8.91367	7.904823277	18.610051	4.711913277	0.991703	19.210549277	16.48006	18.370717278	8.811548	10.45282
279	8.842197	8.580587280	9.401693	8.797685281	9.291572	9.335831282	6.240606	0.781583282	9.607906	10.092402282	0.960738	14.896365283	9.341558	9.681634283	15.340513	9.722104284	15.310798	8.079930000000001284	9.281826	8.911527285	8.724951	9.88024285	1.532527	11.281725285	10.380707	16.079799286	4.6311	12.60697286	17.669356	12.726783286	12.625888	18.65676287	10.302056	9.230879288	9.562392	9.290277289	8.840337	9.694863289	0.9941869999999999	11.136922290	10.238755	9.321013290	1.064157	9.999635291	9.432393	10.783878292	10.093539	8.947701293	2.289517	5.529629293	9.343619	9.480939294	10.022909	9.272306295	18.525478	9.542909295	19.232986	14.795279
296	9.602624	9.594093
297	3.876106	4.678602297	8.923556	5.848104297	9.887346	9.220038298	6.180389	9.013728
299	8.481142	8.584554300	9.548331	8.656606
301	19.155457	1.205214301	8.949602	8.993499302	9.263847	9.070053303	9.487124	9.346282303	6.729201	14.687807304	10.430424	9.448553304	1.896289	11.052017305	9.667325	10.372881306	9.319407	9.407448306	9.466872	18.578305307	10.6544	9.859925308	9.821009	10.14981308	9.784107	16.682322309	8.622775	9.750018310	9.512929	9.43413310	6.554448	18.960636311	9.582473	9.409595312	3.024364	6.326311312	9.500569	8.72118313	7.21833	1.750875313	8.854084	9.997357314	10.179058	10.120688315	7.513418	10.412599
316	8.519818	9.311713316	1.505616	15.063761317	10.218265	8.732866317	1.997935	10.198934318	9.252732	9.565167318	1.569187	15.375751318	18.139618	16.367927319	15.505348	1.082965319	9.8389	8.560299320	9.844387	10.095934320	8.220466	18.615907321	15.629944	3.158104322	9.713051	1.617953322	9.928495	10.330079323	8.692105	1.066006323	1.22202	8.316397323	19.099586	16.801294324	9.868621	9.691168325	9.854831	9.887409325	10.713699	18.87057
326	8.428329999999999	9.267728326	7.764749	14.135242327	9.334781	11.412991328	8.988693	10.014138329	8.633878	10.07052330	9.799449	10.062741331	18.633749	0.972275331	9.241321	9.999398331	18.460661	16.365221332	10.278096	8.675125333	10.203309	9.557999333	1.302321	19.247619334	10.987759	2.541679334	8.144853999999999	9.093377334	3.388247	18.82342335	9.477956	8.085328335	18.991648	13.464993336	9.910159	8.358910999999999336	18.190602	8.380574336	18.208236	15.496674337	8.766652	9.708107338	4.456352	15.0731
339	9.457724	8.763048340	9.763809	8.888786341	11.446431	10.03918341	5.523485	18.499893342	9.437182	10.203993
343	10.08443	9.55316344	18.003628	4.67312344	8.497029000000001	9.578264345	1.81566	1.265038345	7.687492	1.044451345	2.340337	6.952193346	1.373395	6.40294346	10.262173	10.218908347	8.384833	8.772009348	4.702873	3.751804348	10.885381	9.907315349	15.165046	1.336731349	3.305585	10.370372350	9.412817	9.441852351	19.334203	11.263081351	3.08998	12.310811352	18.766004	3.420455352	10.128024	9.570734353	9.607173	10.448423354	18.405333	3.518918354	10.300284	10.13578355	9.91224	9.518403356	9.578637	10.296204357	10.034881	10.373096357	0.8545940000000001	18.771408358	1.621531	7.298557358	9.893102	9.455996359	16.579035	6.66973359	9.85025	11.523307360	9.725214	10.204853361	10.221996	8.47071
362	9.265532	9.56777363	18.774249	6.710168363	8.927274	10.08791364	9.345519	9.312059365	10.514399	9.564589
366	8.807854	8.081928367	1.046199	2.925543367	10.976114	8.762341368	9.712226	10.022097369	9.464196	9.444361370	10.040071	9.34511371	1.915489	2.722148371	19.027627	5.684926371	8.599414	9.63669372	9.476038	9.585984373	9.964834	9.650571374	1.341103	9.665914374	8.514925	9.96925374	4.53767	17.281438375	10.479722	9.320485376	9.775519	8.753057377	13.046941	1.091233377	10.373719	7.328916378	9.08745	8.901149379	9.823416	9.034557380	9.681409	9.390637380	17.01921	13.917149381	10.519507	18.631397382	9.302199	9.541964383	10.758958	10.497285383	7.937328	18.684366384	1.1004749999999999	6.704956384	18.178219	6.739875384	16.530193	19.080266385	10.044964	9.451071386	9.555737	8.986307387	9.422567	9.232832388	9.943642	9.503239389	9.264527	10.06115390	9.497209	9.263624390	3.236076	18.447169391	19.176137	7.363893391	18.448675	14.483609392	10.733641	0.7127829999999999392	9.445517	9.397706392	1.065194	19.314871393	9.714718	9.76794394	13.906546	0.896003394	5.003705	18.580251
395	9.377373	9.247325396	8.916467	1.69198396	19.006819	9.450665
397	8.329158	9.307451398	18.344234	5.206542399	1.3115869999999998	15.563649400	15.140869	1.463847400	9.683979	9.580948401	8.489614	8.947692
402	10.35819	10.648995403	10.143218	9.66905
404	8.074521	10.124082405	10.147936	9.500762405	1.909677	14.30655406	8.660855	10.271545407	13.458843	7.108231407	9.217204	10.043667408	9.002593	9.396396409	7.926557	9.989796409	16.365189	18.056269410	9.243245	9.668494411	8.736342	8.880292411	8.649322	18.546881412	9.566958	10.524424413	8.673697	9.572256414	12.550727	1.069395414	18.431584	7.549492414	16.711746	18.163368415	9.281162	9.997481415	6.676415	15.595691416	9.90224	8.464338417	8.974294	9.875323418	19.036779	7.56583418	8.362219	9.612186419	19.107496	9.383034419	10.513461	10.155063420	9.756838	10.365673420	14.238915	18.72602
421	1.574213	9.592599422	8.438051	10.145333422	3.463049	15.760573423	10.439872	8.634936423	16.028788	12.347427424	9.810378	10.341227425	9.185678	10.155323426	9.795266	9.385549427	9.248584	8.943777428	8.63903	9.394576

429	9.971656	8.835166430	9.823108	8.641956430	9.473401	12.307772431	14.23323	13.302591432	1.604334	6.598993432	10.379061	10.703731432	14.475855	11.075854433	18.963168	4.021293433	19.028054	9.465964434	2.897391	2.952704434	7.512801	8.943399434	19.075432	8.657797435	8.669148	9.254596436	2.291234	3.169107436	14.92933	11.577389436	6.817891	18.557553437	10.507083	8.991226
438	11.031643	9.981427439	0.9312199999999999	8.006739439	4.612299	18.747691440	1.977783	5.755987441	10.364678	9.175575
442	10.286176	9.299186442	6.760778	13.93231443	9.502154	9.655472444	7.573157	18.210501444	14.519177	18.560446445	10.147701	10.460825446	16.663536	0.990205446	2.0142990000000003	5.856061446	10.338043	9.550224447	9.065877	10.450913447	14.692717	12.323245
448	9.398831	9.653969449	8.789735	9.22151450	8.585837	9.050074450	10.901851	19.019422451	9.395757	9.546344452	9.812833	10.218757452	15.43233	12.611192453	9.483301	9.408363454	10.109227	9.233481455	18.767018	7.997071455	9.398589	9.764309455	10.928545	18.549946456	9.945025	9.232245457	9.718029	8.790208458	4.927822	0.749532458	0.956737	3.566096458	11.39143	10.117932459	9.306798	8.950634459	1.018726	16.521564
460	9.764373	8.868072460	19.15486	10.464003461	5.641416	0.929961461	7.700656	9.608063461	19.096876	14.470521462	9.302566	8.977637463	9.64943	8.808668464	18.740579	7.431142464	9.342909	9.093531
465	9.637938	8.963766466	9.432831	9.67156467	10.085062	3.509941467	18.350239	8.444956000000001467	9.363874	9.746917468	9.02569	9.503627468	12.190128	9.065759468	11.020894	16.00252469	8.874911	10.502125469	18.439304	15.354471
470	11.982445	8.010679470	18.536992	7.735885
471	9.439188	8.966168472	8.394231000000001	9.932511473	7.630833	1.4222709999999998473	15.533227	5.555382474	9.281739	8.729653475	9.007325	9.636354476	13.712358	1.270648476	2.756984	8.088391999999999476	8.512091	10.682347477	10.240608	9.672743478	12.624831	1.199749478	11.420094	9.961399478	7.213175	12.324893479	12.404203	0.9593320000000001479	12.281123	11.466651480	9.601591	8.598447480	18.079963	9.732639480	10.749524	18.461012481	16.487841	0.674229481	9.540297	9.380851482	9.374738	10.042086483	9.408616	9.43882484	9.232692	9.777371485	9.294262	10.283783485	0.924006	11.615505486	1.942183	7.945759486	9.038196	9.746116486	3.526877	18.32727487	9.222148	9.799963488	8.860544	9.491445488	12.088877	10.203583489	9.601197	9.329759490	9.33815	9.475954490	18.008243	12.163447491	18.921288	10.67786491	4.245089999999999	19.01183
492	7.57183	2.684727492	16.546379	3.107263492	0.787363	10.364075493	7.176637	1.052143493	1.240626	7.864514494	10.373991	10.21849494	16.516446	14.744245495	8.926924	9.383093496	8.546802	4.196197496	2.060792	5.009068496	1.92025	13.575028497	9.498543	10.445615498	16.570588	1.025099498	18.72932	7.203417498	8.659549	9.613789499	9.684079	8.368441500	8.968915	9.347019500	11.356277	18.267368501	9.55391	8.422388999999999502	9.844237	9.478584502	1.136241	19.138142503	9.891757	8.466256999999999503	1.952001	14.664654
504	1.45956	13.978469504	16.628974	16.080447505	10.540712	8.876904506	6.031692	1.080213506	13.326898	0.9624440000000001506	9.493273	8.951354507	9.804189	9.911398508	9.458313	10.161892508	1.565889	11.567368509	17.555346	4.65515509	18.137342	16.657362510	10.337413	8.767788511	8.766617	10.389202512	1.541698	9.083917512	9.437953	9.316882512	18.90756	19.115791513	17.585284	3.45522513	8.70353	9.535613514	10.916098	9.378222515	9.219915	10.503741515	4.779009	18.190564516	9.32713	9.656885517	10.182492	10.602464518	14.472904	18.732189
519	13.337445	1.681466519	8.962542	10.533144520	9.860686	10.017651521	18.356918	10.959799521	1.656313	16.153799521	18.50267	16.96195522	10.404563	9.398071523	11.042097	10.796484524	9.381788	8.411469525	9.788498	10.024095526	8.984043	9.975165
527	8.562246	8.870617527	15.698594	16.479810999999998528	12.695738	1.677894528	9.533613	8.969604529	9.780806	8.814305530	9.954123	10.191741531	12.94673	0.836812531	1.431332	3.417482531	9.176157	9.256237532	0.952553	4.899013532	8.874367	9.67973533	9.610596	8.568376533	8.90842	19.044511534	8.793676	10.655279535	9.561231	9.79375536	9.211931	8.877138537	10.931572	10.170761538	18.022248	9.307971538	12.325345	18.068753539	9.740218	10.204992539	18.337736	11.5469539	9.217489	18.681732540	13.893935	1.761893540	17.533155	12.113546540	11.903803	15.670284541	13.104982	13.508917541	8.95963	18.997597542	4.985025	7.486917542	1.039121	15.749808542	7.827382	17.546155543	9.974515	8.891287543	1.049036	13.020186544	11.935332	1.108865544	9.581027	9.0959545	9.724455	10.080266546	8.613459	10.115493547	9.817609	9.173479547	15.411449	18.202989548	8.925314	9.065745549	16.864607	6.817421549	10.104136	8.607051
550	9.841335	10.213832551	10.157294	8.737021552	18.782802	3.449317552	9.957082	9.418718553	9.472014	8.529391553	15.502626	18.526649554	7.47095	4.866995554	10.073781	10.318372555	8.071318	1.752509555	8.94157	9.594908555	10.91424	19.211928556	18.915386	8.11106556	9.353482	9.223956557	10.000416	9.591562558	8.853785	9.492277559	9.168726	9.560306560	9.566087	9.623512561	9.419671	8.504794562	9.611001	4.801641562	13.601264	18.2537563	10.002155	10.274136564	3.423767	1.1361210000000002564	12.286764	18.800827565	9.871073	9.350035566	9.327938	8.46833567	9.352912	9.786591568	9.598925	9.159916
569	10.0757	8.492521569	8.874802	15.878602570	8.714429	9.252533571	14.517986	1.973731571	19.27927	6.624809572	9.718707	8.913847573	19.103453	9.024327573	9.458753	9.312403574	9.867445	8.719465575	0.9552590000000001	8.279489575	8.921824	10.718957576	3.901296	5.170344576	3.807285	18.939653577	9.97235	9.762775578	9.904273	9.702823
579	9.511087	9.239026580	9.600542	10.573773580	7.195223	18.904003581	19.208319	8.334235582	8.438208	9.838793582	4.728163	17.14562583	10.215111	10.127256584	8.978137	9.643782584	1.607113	16.153547585	2.25814	16.669309585	8.812799	17.511226586	0.820095	0.977614586	0.947724	5.372617586	8.579457	13.08433587	9.234074	8.497183588	10.478747	10.027911588	15.857115	17.520769589	9.253162	9.597935589	14.849731	18.994639590	9.162362	8.980532590	18.542083	15.571247
591	3.545544	1.304791591	9.657596	9.271294592	9.42572	9.576084593	9.003236	8.91469594	18.405046	7.382143594	9.755171	9.377013595	7.726693	10.568623596	15.792127	1.915824596	9.698517	2.504158597	8.759809	9.598172597	4.490705	16.596154598	14.504757	5.22674599	5.986975	1.630562599	12.008755	7.924841599	13.364042	17.079403600	9.897046	9.23374601	9.26478	14.867418601	5.491051	19.132636602	2.123326	6.787131602	9.764491	9.293271603	1.399475	8.182400000000001603	8.596664	8.374232604	9.816317	9.764051605	9.637246	8.511083605	19.010733	15.466768606	9.669996	9.265967607	9.475412	8.724669608	9.516691	11.444463608	4.682449	18.578614
609	18.327105	3.623351609	9.472386	8.639009609	2.936412	18.377566610	9.269973	8.775116611	1.4038270000000002	7.242172611	11.258818	9.327487612	9.404768	9.728883613	19.064291	3.921106613	9.019984	18.011108613	14.736535	18.563393614	9.944685	8.681949615	2.657933	3.903951615	10.013526	9.978441616	18.601374	4.550058616	9.411006	8.52805616	0.8313980000000001	15.362052617	5.331699	2.528299617	8.531368	9.484035617	15.665716	14.139297618	8.795656	9.704856619	10.425623	10.264408620	8.821406	8.545773620	19.087912	12.992235621	9.352948	9.963342622	8.319433	0.8713040000000001622	8.527561	8.634589623	14.749327	2.575266623	10.338714	6.90596624	10.115312	9.292931625	9.425304	10.546359626	9.740358	9.754533626	1.676849	16.183569626	8.507426	16.435633627	18.273305	7.853524627	9.037121	9.142815628	10.079591	9.571274629	9.778436	9.474326630	9.630514	10.146522631	9.200237	10.557025632	9.094533	9.469117632	1.601794	15.84413
633	10.50059	9.329364634	9.626629	8.866805635	8.675441	5.595711635	7.676669	9.504865636	8.479600999999999	9.620191637	8.708608	10.464165637	10.484584	18.474661638	9.12168	9.315649639	9.277114	9.597237639	16.676128	10.666824640	18.178294	4.933474
641	8.925787	9.723605642	10.693195	1.751583642	10.545842	8.654423
643	8.329554	8.363679000000001644	2.775781	3.189652644	11.260403	10.039612645	15.158739	0.996334645	0.948698	2.625998645	5.755798	10.284204646	7.90743	0.985792646	9.273107	9.37336
647	8.443588	9.139432648	8.739831	11.394147649	10.135769	9.576179649	1.182468	13.456611649	18.508289	15.057391650	19.219981	5.631905650	9.190751	9.669731650	1.709513	11.164111651	6.23603	1.24116651	9.167871	10.172892652	9.230301	8.747673653	8.966868	8.976373654	1.0901800000000001	0.77006654	8.269698	8.64683655	8.706416	9.475043656	9.752966	8.565271657	9.616058	9.574578658	9.764807	8.266922000000001659	3.158212	1.528877659	18.637846	13.558118659	7.563448	19.000945660	9.407304	8.702582661	9.184281	8.466975999999999
662	18.86553	5.34385662	0.9977480000000001	6.74563663	14.66041	9.450148663	9.802137	18.54658664	9.342569	9.084696665	8.549909	8.936547666	10.083932	10.86851667	18.751267	1.3715570000000001667	9.678755	9.603072668	9.918112	9.27359669	0.874672	4.1342669	8.657448	10.248523670	10.773536	9.330562671	10.129345	9.973626671	14.247699	16.947943
672	9.108367	9.982904673	9.730607	10.620187673	3.991777	17.05664674	8.889268	9.040791675	1.466809	7.57156675	10.234373	9.460572676	9.519194	9.96369676	12.917693	9.133231677	10.015992	9.298046
678	16.363462	5.658279678	8.174395	9.85473679	9.509131	9.214722680	8.553257	9.331249681	1.070538	0.874926681	3.949061	6.256878682	9.095661	8.623439
683	9.628864	9.800725683	1.093218	16.509398684	8.661578	9.120344685	8.483335	8.723977686	6.901955	0.805553
687	2.220192	2.102835687	19.119565	7.415672687	10.491986	9.735289688	18.780393	2.61723688	8.30988	8.858166689	10.061424	9.392386690	9.780973	9.864161691	8.867815	9.118087691	19.156292	15.532516692	8.94991	8.620544693	13.288987	2.36754693	12.993317	18.800246694	7.895943	8.802609694	12.72388	12.640959695	10.098596	9.445243
696	19.068443	0.99229696	13.999566	2.637924696	1.573153	12.28274697	16.641542	3.637368697	8.8359	7.97534698	9.694282	9.649006698	15.331187	15.286572699	6.195094	1.341618699	9.64162	9.389494700	8.034756	9.515475
701	8.581277	8.793142701	15.593312	18.980353702	2.850808	6.574831702	17.575669	12.431587
703	9.756056	8.411097999999999704	10.127457	10.164471705	10.440157	9.982682706	9.741566	10.268142707	17.008814	0.786833707	8.975063	8.639244708	5.195881	1.3830879999999999708	8.589259	9.719498708	19.009451	14.04855709	9.515282	9.774638710	10.320784	10.319255711	9.992031	9.636657712	10.771764	8.780593712	16.532817	11.843541713	8.7169	9.910101714	1.208418	3.454379714	9.488544	8.806772715	8.992568	9.625616716	8.535861	7.820566
717	9.809301	9.701022718	1.176067	9.74954718	18.928	11.545474718	13.734032	16.5673719	9.590687	10.616815719	0.946631	13.468598720	9.731004	11.183986721	1.036726	7.072387721	18.997326	9.150783722	0.793196	2.735675722	9.290468	8.161135723	8.742556	10.12229724	15.64234	1.489171724	8.317741999999999	9.947583724	18.207061	12.129764725	5.587841	1.893561725	9.601556	8.825559725	8.820853	18.152662726	7.748983	10.755128726	19.080776	11.099162727	9.642184	9.772321728	10.289187	7.570051729	9.377044	9.251298729	0.858013	13.477331730	10.032685	9.499443731	10.563797	9.669988732	10.44714	10.23974733	10.988269	1.620791733	0.907831	18.108098734	9.562852	8.761493735	10.180685	9.238429736	9.520342	9.723484737	9.187267	9.620584738	16.578165	7.298185738	9.96377	9.590756738	8.335808	18.999419739	13.242741	1.0323069999999999739	9.711225	9.425174740	8.714837	10.057037740	0.751886	13.585959741	10.036479	8.772879742	8.270061	9.655902743	16.186447	1.621877743	10.328979	13.987578
744	9.275654	9.448287745	14.394938	0.832766745	3.148659	5.005767745	18.65428	18.195668746	9.492229	10.227372746	2.976767	18.935023747	12.274327	1.227916747	10.905316	5.70376748	17.769408	12.256468749	8.549178	8.631739750	3.427477	1.2076310000000001750	8.647183	9.001223751	9.646175	9.841821751	19.132169	15.547794752	18.851604	3.946844752	14.746523	11.784975753	4.387166000000001	2.484471753	15.941721	0.946392753	1.720083	10.140655754	10.324047	10.422871755	9.570735	7.810256756	10.407482	9.269137757	9.275459	9.021415757	18.57425	19.033412
758	10.375366	8.934672759	8.993393	9.358548759	11.10495	19.363407760	8.902511	7.844744761	8.906901	10.22911762	9.056222	9.480287763	9.494967	9.206977764	9.598087	8.870464764	9.636419	9.314285765	15.393482	4.879104765	9.153075	9.184975
766	4.2572209999999995	1.027263766	9.134397	8.50421767	3.479348	8.166954767	9.62969	10.688108768	18.523402	7.630665768	8.998992	9.195203769	18.98991	3.343702769	3.686623	16.880338770	8.885904	9.693836
771	7.917567	8.802526772	9.08883	10.154672
773	10.223288	8.289266999999999774	9.238652	9.244248
775	9.610549	10.916486776	9.96864	9.348581777	9.155181	9.123455777	5.212303	18.697728778	10.143277	9.511153778	4.385759	15.325828779	16.770693	6.837398779	9.904633	8.3052780	9.387787	9.648053781	8.990672	9.384615782	18.258699	10.803859782	10.629298	12.470801783	1.912751	12.525852783	10.328613	11.254826784	1.304368	4.829816784	12.159725	9.479378
785	8.934939	8.707729786	2.132762	2.959898786	15.000812	11.930635787	10.371005	8.427433788	9.238049	8.664771788	2.16893	16.399110999999998789	8.670449	9.457945790	1.633044	13.647527790	14.583359	18.956504791	7.434106	6.932501791	1.254505	8.284019791	3.4041	13.94537792	9.618024	1.712152792	10.079674	9.965405793	8.37765	9.342236793	14.695792	11.277463794	9.188987	9.209776
795	10.164749	9.633152796	7.782296	9.92585797	10.34993	9.964338797	18.914136	15.16978
798	9.112871	9.982083799	1.540595	0.9572229999999999799	9.414913	10.590159800	8.475386	8.868086801	1.424969	8.27504801	9.331635	8.950963802	10.274781	9.179774802	3.935246	17.314489803	8.866677	10.505521803	18.145021	10.301806804	10.057045	10.161811805	11.556082	8.343235
806	15.952993	1.4622009999999999807	17.425678	5.293852807	8.609023	8.737086808	10.310002	9.973544809	9.12646	9.521152
810	1.195777	8.975851810	10.406946	15.210186811	9.604307	10.235795812	1.482291	7.681342812	9.777232	8.95762813	0.953782	3.371759813	9.684057	9.392063814	16.019652	5.38499814	7.426292	18.510658815	7.325304	0.964056815	8.614241	8.095067815	1.3582459999999998	13.701575816	10.484574	8.535615
817	9.378144	9.091239818	9.496676	9.766129818	11.400823	18.883024819	9.57454	9.221257820	9.760971	9.748713821	9.35697	9.779204822	5.005804	0.719485822	8.87889	9.570419823	10.277247	10.04852824	9.89464	8.479868825	9.74206	9.070053826	7.736671	9.959712826	7.37838	18.498716827	1.563835	6.613605827	0.5	15.192792827	5.3883	18.48889828	16.99888	6.48912828	10.035138	10.393907828	5.390273	15.958164829	4.720751	1.149061829	16.799087	14.155297830	9.404439	9.476324831	9.967601	8.486132832	1.488368	11.876993832	8.587079	10.584782833	10.907155	9.169446
834	10.087682	7.957332835	9.300151	10.30567835	11.308509	17.46309836	10.677	7.98442837	9.625914	9.362589838	7.549863	1.498543838	5.932542	5.886203838	10.334442	10.61364839	10.557104	8.464233840	9.402736	9.181324840	7.623019	19.215626841	9.483865	8.424234842	9.599296	1.359564842	9.543666	9.355506843	9.698809	10.140033844	10.280732	9.719511844	18.731558	12.523307845	9.599708	10.100763846	9.718616	9.846931846	12.034883	16.564479847	10.233634	1.062871847	9.796893	9.400986847	18.818059	15.221393848	10.07832	9.49007849	8.049123	0.9154370000000001850	15.705054	0.7785139999999999850	10.454971	8.78759851	8.788105	1.2291349999999999851	18.463544	1.389051851	11.39843	9.520926852	8.494433	10.358077853	9.558217	10.403741854	8.681555	10.236147855	18.758627	7.35404855	9.163557	10.372557855	1.550531	12.061138856	9.531831	9.819963857	10.299223	0.949083857	1.520146	15.780976858	10.714405	9.299219859	9.16033	10.117963860	9.58535	10.059224860	19.256604	13.496567861	9.617862	9.63842
862	9.041983	9.06385862	16.587974	17.90512863	10.197111	9.520417863	10.719167	17.784926863	4.845803	18.642256864	9.372299	10.041853864	4.854507	11.409891865	9.214083	9.916887866	13.317193	0.955769866	9.529546	9.109486867	8.927157	1.1396950000000001867	12.445101	11.34407868	5.372977	0.992965868	9.170737	9.263987869	13.112003	1.50303869	10.549124	9.500086
870	9.469796	8.38715871	11.535997	8.385081871	1.801518	13.266568872	10.135747	9.688319
873	9.43274	9.352631873	1.184637	16.006249873	13.288986	18.632317874	9.696831	10.187034875	11.383727	8.993288875	18.048499	16.256385876	10.317793	10.331936
877	10.04099	10.248375878	9.48754	8.84617879	9.321266	9.723068879	12.245016	15.513206880	8.785641	0.874607880	1.247933	3.008159880	9.378467	9.411311881	4.816315	19.25431881	11.948216	19.217784882	1.3435899999999998	3.386528882	9.802075	9.760371883	9.869461	9.507647884	5.484494	1.235587884	9.487323	8.849765885	9.960281	10.171058886	10.448559	1.949853886	2.049216	4.823953886	7.215287	19.114916887	8.203202000000001	4.44192887	14.257945	7.685073887	0.754617	19.176594888	8.507879	8.41025888	16.710253	17.727577889	9.417137	9.557908890	9.502671	9.907814891	17.077374	1.091145891	11.325347	8.588177892	14.488369	1.560619892	10.480906	9.497951892	12.247239	15.776913893	3.504815	9.800683893	7.789302	9.263143894	1.782165	8.262025999999999894	15.748381	14.248833895	8.667828	9.352417896	11.026746	9.521699897	1.928837	10.705079897	3.812907	14.322674897	18.953125	17.279674898	8.440657999999999	8.514964899	9.799882	10.192507
900	9.831157	8.993903901	9.815808	10.003539901	0.9834339999999999	19.370197
902	1.521085	6.717268902	9.444583	11.062667903	10.108987	9.726783904	10.246956	8.844623905	9.571798	9.514975905	19.012842	13.302883906	5.413907	1.544477906	9.138735	9.623341907	10.463309	8.660225907	6.483629	12.404793908	10.988046	1.411839908	18.75304	16.328829909	9.412175	9.617174909	0.767064	9.730708
910	9.662852	9.637816911	9.807299	9.660727912	9.920687	9.337386913	1.23708	9.841704913	10.33174	10.428376914	18.308079	12.064566914	9.530276	18.914269915	6.703142	1.432255915	9.866044	10.262718916	9.008073	9.600413916	9.728143	18.660831917	9.284613	10.197844918	9.196553	10.081306919	4.647312	0.565904919	10.589201	10.556585920	10.426007	9.45393920	0.931489	18.968505921	9.568423	9.119645922	9.211987	10.095259923	9.776664	8.63879
924	9.094237	9.307175925	10.161802	8.471571926	10.268279	8.85518926	7.575271	19.378406927	1.719966	8.418099
928	10.019982	2.294118928	9.605122	9.367785
929	1.0274	1.501885929	8.743846	9.828002929	16.873444	18.966353930	9.460464	9.455718931	8.622119	9.615769931	18.40418	13.574562932	10.503263	8.986194933	8.279887	0.966526933	9.891357	9.393011934	11.37327	7.859578935	9.086252	10.257684936	9.168643	9.624893937	9.123494	10.220916937	19.0821	15.45096938	4.924093	4.165065938	0.7570060000000001	11.402214938	15.788201	18.634223939	8.031475	9.667938
940	18.75964	5.435535940	9.080542	9.264491941	10.156387	8.456631999999999942	9.032342	9.777323942	11.460159	15.658852943	9.462346	9.316101944	1.208386	4.691377944	7.977921	7.438954944	1.886206	14.287394945	9.629721	9.574884945	12.52616	18.914498946	9.323039	9.7057946	1.361937	10.27871947	7.826892	9.487389947	6.047684	19.145114948	7.747114	1.438851948	3.460767	8.586346948	19.112708	15.80902949	18.638997	3.794881949	17.745213	13.853323950	11.206132	9.459578951	19.144188	0.815131951	8.631459	8.927399951	13.299023	12.838552952	7.564531	0.980965952	18.097978	13.492025952	8.788449	16.56339953	8.249077	8.689236954	2.864112	4.217005954	10.922267	10.884768954	1.403416	17.67689956	1.933094	6.469124956	9.403287	9.027325957	18.978171	3.372383957	9.680403	9.228845958	9.739497	9.459962958	19.135326	15.856693959	1.782296	3.710632959	1.422711	9.995044959	10.673971	16.29909960	9.603774	10.196902961	10.283824	9.645517962	8.564507	8.681321962	1.75022	16.240973963	1.368091	6.95582963	8.046365	8.360501964	18.971242	7.321849964	14.386846	13.535253965	9.398172	11.489258965	15.08437	18.080097966	18.324658	7.846944966	8.865661	9.81135967	7.358012	1.913773967	15.315502	19.12353
968	18.598997	12.64254968	1.431226	13.36868969	9.035386	9.610249970	9.903117	9.497681971	9.842001	9.011212972	18.299809	5.415854972	7.792012	10.508081973	15.323446	17.691652974	9.121007	9.589635974	12.090915	19.022187975	9.291447	10.13625976	9.627686	10.034571977	8.323876	8.768516978	8.033809999999999	1.35657978	9.748137	8.952848979	9.878433	9.478735980	10.006224	9.004548981	1.274679	9.357405981	9.513329	9.481861981	7.629288	18.146422982	5.125039	1.171983982	19.5	6.869578983	7.74981	9.137596984	9.367866	9.61326985	9.699101	9.660866986	8.389825	9.315063987	9.031972	8.934686988	9.319736	11.084465989	8.506407	1.260384989	18.254074	5.536162989	8.877127	7.873631990	10.318106	10.445433991	9.090297	9.834218992	9.786914	8.885755992	9.728467	11.122309993	9.49365	9.839613993	18.927432	12.938939994	7.924331	9.353457
995	10.094929	9.599987996	10.410732	9.942628997	8.419934	9.720733997	14.393374	19.113254998	1.663802	4.337802998	9.465718	10.127377999	9.545867	9.5751270	9.45692	10.4418691	6.147327	1.0725351	9.432446	11.0111512	18.612754	5.4662372	10.512846	8.5104183	10.08737	9.6394314	2.984629	1.3442954	15.66027	12.8060984	17.024039	12.9798095	18.354056	5.7712535	9.953536	10.1054776	3.206057	1.9398586	9.3213	8.439777	7.745682	1.3780297	9.67651	9.0978377	1.812624	9.0675168	8.425519999999999	11.1365038	15.583575	13.3437639	8.601533	2.25866499999999979	9.793873	8.5053369	13.431047	14.76615410	9.526304	9.1713311	0.961158	5.08453311	1.548128	14.28169712	10.923843	9.59424612	9.72286	16.7407413	16.469029	15.13515813	11.184161	18.09689114	1.2444199999999999	15.79503214	12.591914	17.1418715	1.164549	0.84921415	10.459565	10.01818516	7.527215	1.73077316	10.929262	9.37045817	9.187221	9.41644117	11.524744	17.96692218	8.996111	9.50681319	14.383488	0.58698719	9.16001	8.91525820	1.546337	11.22194220	8.902965	11.01676921	9.349653	9.78781922	8.942784	8.94286623	9.8755	9.47635724	5.231197	5.03186424	9.151279	9.76197425	11.008294	1.9139225	19.259255	6.34993525	8.516608	17.16447926	9.448151	9.290492
27	15.636833	0.75396727	2.034361	3.78976728	9.281839	8.83409
29	10.413812	9.47330630	7.277414	1.5626530	9.692188	8.75150731	8.189191000000001	11.40597831	18.756968	11.74375332	9.482864	8.82304732	9.320053	18.38740933	1.781961	3.56794433	12.899575	4.08871333	9.229293	9.66228334	17.949848	7.16524134	9.963776	9.1046135	18.955098	3.02879835	9.347635	9.39039836	9.583685	10.19985337	3.010939	3.66580437	18.84365	15.42082938	9.178718	9.47578539	3.206706	1.20868239	9.518039	9.0372540	12.974636	4.556406
41	10.454199	9.521509
42	10.190218	10.164643	9.707662	9.60066344	17.064806	2.069817999999999744	9.791189	8.96285745	1.0456940000000001	5.13024445	18.963707	7.61647745	9.968668	9.87209946	4.957145	11.56373446	0.802189	14.08830846	18.897352	14.43874247	9.305291	9.89596948	9.972349	10.24738449	0.993841	5.11401149	8.975358	9.39505350	9.626634	1.56043750	5.93602	9.76061450	10.078812	9.1530451	15.621251	11.586705
52	18.8838	7.18730952	9.496921	9.80953153	8.906997	9.678554	9.775105	9.41043355	0.952866	8.25464155	9.993094	11.42416956	18.777802	6.46636956	6.449354	15.38854156	3.606418	19.22705857	1.535825	6.74834457	15.912573	15.03476158	9.586307	9.63961859	10.366379	8.72644259	4.519765	19.04835760	9.455692	9.64306661	15.815603	1.24444861	11.037204	10.65788561	18.101271	16.569162	10.277935	8.69314862	3.100399	19.19465263	8.507451	9.30450863	10.992142	16.45940464	10.268137	9.63356765	10.780146	8.73513266	7.575533	15.34750267	18.344662	4.30374967	9.209008	9.20279168	9.260041	9.9659969	9.410375	9.73606369	1.057902	13.10762170	1.58264	4.75731370	9.834839	9.165669
71	8.011648000000001	1.96240671	1.027228	6.336456
72	9.547292	10.80306673	10.968075	8.6078473	14.658783	13.654299
74	9.303573	8.90631175	1.309474	3.17171675	7.864157	13.3291276	14.762663	1.66120576	9.332472	9.27854577	9.968533	9.63686177	8.35656	18.92241477	14.696209	18.83439978	7.887471	7.46848378	11.777516	11.27978278	5.073262	14.97171779	9.197061	9.27355280	8.808373	9.46359181	8.688971	0.75505381	7.860167	9.634989
82	9.298752	10.1872583	4.1767590000000006	6.55594883	1.386043	16.72374484	1.347511	9.42293884	9.893123	9.03900585	9.174687	10.28420786	19.237035	11.84362186	0.949112	16.26330187	6.848337	7.55407487	0.981842	8.20520099999999987	9.394111	8.48823588	8.603889	8.97462389	11.627883	0.73824889	18.614598	3.17710689	9.136501	9.47851190	9.646563	10.385363
91	8.903633	10.180097

92	18.523463	4.25530792	9.719132	10.20022193	9.601022	10.0754593	19.174247	11.441494	8.293828000000001	8.26204195	1.0463149999999999	9.8670595	10.372997	9.65884396	12.058448	1.42827396	9.691357	9.39587896	1.004982	15.72631197	8.744818	7.4857498	9.140511	9.19987199	9.790453	9.841824100	8.892187	9.522531
101	5.378416	5.63353101	9.667787	9.667665102	8.712937	9.491241103	9.676168	8.911585104	18.971203	8.550784104	6.133173	19.240376
105	10.655526	1.85062105	9.592856	9.761857107	10.313644	8.836312108	18.023296	3.20562108	8.305914999999999	10.009831109	17.69296	7.279272109	1.405667	14.307759
110	18.828528	10.076699110	6.249033	18.710359111	9.312647	8.6146111	11.821628	18.192187112	9.60342	8.788275113	11.232262	9.441103113	18.700317	12.599276114	8.881078	1.930255114	9.919593	10.738652115	9.709564	9.226975
116	10.142756	9.43978116	14.705664	19.066025117	10.021389	9.195774118	17.480979	6.15049118	8.951354	10.279534119	8.904388	10.228925

120	7.748964	6.732736120	18.67434	11.457548121	9.136813	1.19692121	9.647731	10.486215122	8.401456	8.78084123	1.849025	9.322773123	9.795487	9.614156123	10.37802	16.39273124	9.475241	10.456957124	19.093917	19.423775125	9.640927	9.747265126	16.703753	0.937997126	18.216765	10.677093127	9.32312	9.717932128	10.258448	10.746278128	18.271659	12.110467128	12.765431	16.921192129	18.227986	2.045728129	1.934216	14.824245129	15.099559	15.985484130	11.020556	1.691317130	6.170612	18.377052131	10.155115	9.937814132	10.308991	9.128638133	10.798425	10.203478134	16.567922	1.02317134	1.018975	8.55973
135	1.105146	1.238192135	9.570753	8.323774
136	11.139925	10.090824137	9.831468	9.344523
138	12.0947	1.028068138	10.506909	7.207114
139	13.275294	8.303543999999999139	9.245839	9.613837139	7.877179	13.149897140	10.420992	9.713202140	13.55248	18.240217141	0.98571	14.290875141	19.218714	16.164473142	1.4484089999999998	4.417962142	10.027232	10.3946142	16.744239	18.789259143	7.730741	9.665374144	18.775623	6.649935144	8.613908	9.665758144	10.819854	17.72732145	1.633844	4.021681145	9.544041	9.406303146	1.594837	5.641402146	9.752527	8.429338999999999147	2.0288880000000002	8.226741147	9.235074	9.64234147	5.351989	14.085476148	9.623199	10.013359149	10.554484	8.997806150	13.776274	1.307911150	0.801593	3.918083150	4.916764	18.156787151	9.600913	9.512701151	16.096702	12.915323152	8.508412	9.068854152	18.699259	8.553194153	3.078191	14.444855154	17.973488	6.757168154	7.293208	10.004046155	11.044196	8.795506156	6.582328	3.875007156	9.599352	9.440464
157	14.582939	1.505171157	5.427939	15.270805158	18.955433	0.895268158	9.497472	9.791986158	1.596119	14.208603159	10.038611	10.433742160	9.647616	9.92716161	6.706377	3.141589161	6.307683	16.695459162	10.603485	4.138780000000001162	16.212284	7.704853162	4.218748	14.930711163	7.605512	8.523069163	4.934327	16.860626163	19.162685	18.641135164	9.415284	9.406461165	5.008543	1.541004165	4.433362	17.489159
166	16.141762999999997	6.08575166	18.229988	14.48381167	9.62528	9.724914167	0.96669	14.87875168	18.790878	4.294709168	1.862309	10.848823168	9.717185	10.033806169	10.68696	9.476422169	18.602589	12.735359170	9.947091	8.477088170	18.514484	15.701664170	4.641658	18.84875171	10.170963	9.622129
172	0.706519	6.018168172	5.045564	9.368492172	7.770213	18.781985173	16.014502	7.965955173	8.714993	10.480238174	9.35515	9.83419175	18.269929	10.109523175	15.286365	14.873513176	9.377587	8.776056176	18.971326	9.599856177	8.652507	0.642385177	9.410658	9.60069178	10.558345	8.488177179	6.45218	1.572697179	3.963564	15.73167179	12.625519	15.458047180	8.631985	10.580826181	8.050701	9.6139
182	12.802684	4.157007182	10.299828	9.369632182	18.838881	13.861892183	9.541067	9.784845183	18.153726	10.034887184	13.410425	0.88469184	8.758037	9.472699185	9.605861	9.448691186	9.023182	9.420302187	8.843151	10.35907188	8.785999	10.785234
189	3.673475	1.253139189	9.564915	10.418267190	19.331159	3.260291190	1.480532	6.123625190	14.691825	12.84588191	14.548544	1.366052191	10.232565	11.957071191	16.099370999999998	14.261285192	9.449376	9.743886193	10.177824	9.890313
194	19.263064	4.094555194	9.766614	9.154725195	18.166658	6.148268195	8.520511	8.643348
196	6.375078	3.512235196	18.836398	10.072268197	8.045917	9.386446197	5.579814	15.494358198	9.263878	9.559008199	10.227522	2.395919199	8.335025	9.467003200	4.65218	2.0569759999999997200	14.673285	6.525624200	15.78833	18.067362201	10.205548	8.919815202	9.576074	9.73739203	10.040312	8.657096204	9.401154	8.586821205	0.98373	5.231519205	9.981717	9.5038206	14.933105	1.846734206	2.452992	14.555566206	7.619401	16.288845000000002207	10.088491	9.615603208	0.925889	6.894246208	9.327108	8.781546209	0.776714	5.74884209	16.420522	9.143753209	18.50213	15.152558210	9.270342	9.525707211	7.534993	1.845275211	8.760846	10.344292212	9.341791	9.269782212	15.556544	12.652325213	9.813878	10.182392214	9.578752	9.46356215	2.05311	3.422278215	10.174029	9.159868216	9.055306	8.641745217	4.875876	7.628969217	9.819765	10.502092
218	15.220164	1.478748218	9.561329	9.567863219	9.242238	9.234108220	9.595921	0.921038220	8.554872	11.998734221	9.757477	10.036084222	9.554934	8.965529
223	8.289914	12.027499224	6.692493	1.71383224	8.575788	9.709344225	8.695121	9.500675225	10.909942	13.417913226	9.25783	9.359948227	5.401624	18.131323228	2.95446	1.482427228	19.296546	11.347531228	13.403939	18.756245229	5.148948	4.819566229	10.230747	9.953033229	18.53442	10.071238230	10.30435	1.556631230	19.109585	17.526486231	8.896056	9.925283232	9.019796	9.476203233	12.922876	1.207202233	9.048468	8.953581234	9.449102	10.022438235	8.980643	8.246514999999999236	8.731552	9.569517237	1.122623	1.13278237	9.35289	9.557992238	9.713459	9.675761239	10.109816	10.659048240	13.338346	3.049405240	8.633798	9.629019241	9.763736	9.50161241	1.700601	11.749246242	12.595154	6.082079242	8.719245	9.946295243	9.43506	9.326766244	9.605316	7.720187244	18.630794	15.716825244	13.200919	19.108556245	8.636468	7.992047246	10.617671	8.887787247	8.966192	9.76377248	6.636417	3.350101248	8.857778	10.054219249	8.86084	9.253693250	10.418405	8.626026251	9.944803	9.137678
252	9.369386	9.910807253	8.710839	10.272303254	8.578691	10.013565
255	10.408067	9.78726256	9.255966	10.052751256	17.456178	15.778426257	10.367294	9.154361258	8.950127	9.506872259	9.631607	9.318358260	9.991175	9.540434261	1.2220010000000001	9.09642261	9.611505	10.544754262	9.48798	9.284011262	18.784284	14.300152263	11.087648	10.740599264	1.397051	4.440028264	9.631953	9.612598265	9.297404	9.800733266	9.475075	9.296864266	18.717475	19.207955267	10.37108	9.060657267	18.641771	16.393931000000002268	10.102677	9.918151268	10.165972	18.90441269	9.736807	9.944352270	9.520308	7.960794270	8.382249	16.944347271	9.016215	10.469969272	9.626859	9.412331272	18.904324	11.679152273	10.054805	9.008839273	18.017928	14.989289
274	18.616083	7.74337274	0.9102859999999999	17.636167274	7.0045	18.28932275	13.32694	1.937976275	18.987928	7.732838275	7.977296	9.837303276	8.91367	7.904823277	18.610051	4.711913277	0.991703	19.210549277	16.48006	18.370717278	8.811548	10.45282
279	8.842197	8.580587280	9.401693	8.797685281	9.291572	9.335831282	6.240606	0.781583282	9.607906	10.092402282	0.960738	14.896365283	9.341558	9.681634283	15.340513	9.722104284	15.310798	8.079930000000001284	9.281826	8.911527285	8.724951	9.88024285	1.532527	11.281725285	10.380707	16.079799286	4.6311	12.60697286	17.669356	12.726783286	12.625888	18.65676287	10.302056	9.230879288	9.562392	9.290277289	8.840337	9.694863289	0.9941869999999999	11.136922290	10.238755	9.321013290	1.064157	9.999635291	9.432393	10.783878292	10.093539	8.947701293	2.289517	5.529629293	9.343619	9.480939294	10.022909	9.272306295	18.525478	9.542909295	19.232986	14.795279
296	9.602624	9.594093
297	3.876106	4.678602297	8.923556	5.848104297	9.887346	9.220038298	6.180389	9.013728
299	8.481142	8.584554300	9.548331	8.656606
301	19.155457	1.205214301	8.949602	8.993499302	9.263847	9.070053303	9.487124	9.346282303	6.729201	14.687807304	10.430424	9.448553304	1.896289	11.052017305	9.667325	10.372881306	9.319407	9.407448306	9.466872	18.578305307	10.6544	9.859925308	9.821009	10.14981308	9.784107	16.682322309	8.622775	9.750018310	9.512929	9.43413310	6.554448	18.960636311	9.582473	9.409595312	3.024364	6.326311312	9.500569	8.72118313	7.21833	1.750875313	8.854084	9.997357314	10.179058	10.120688315	7.513418	10.412599
316	8.519818	9.311713316	1.505616	15.063761317	10.218265	8.732866317	1.997935	10.198934318	9.252732	9.565167318	1.569187	15.375751318	18.139618	16.367927319	15.505348	1.082965319	9.8389	8.560299320	9.844387	10.095934320	8.220466	18.615907321	15.629944	3.158104322	9.713051	1.617953322	9.928495	10.330079323	8.692105	1.066006323	1.22202	8.316397323	19.099586	16.801294324	9.868621	9.691168325	9.854831	9.887409325	10.713699	18.87057
326	8.428329999999999	9.267728326	7.764749	14.135242327	9.334781	11.412991328	8.988693	10.014138329	8.633878	10.07052330	9.799449	10.062741331	18.633749	0.972275331	9.241321	9.999398331	18.460661	16.365221332	10.278096	8.675125333	10.203309	9.557999333	1.302321	19.247619334	10.987759	2.541679334	8.144853999999999	9.093377334	3.388247	18.82342335	9.477956	8.085328335	18.991648	13.464993336	9.910159	8.358910999999999336	18.190602	8.380574336	18.208236	15.496674337	8.766652	9.708107338	4.456352	15.0731
339	9.457724	8.763048340	9.763809	8.888786341	11.446431	10.03918341	5.523485	18.499893342	9.437182	10.203993
343	10.08443	9.55316344	18.003628	4.67312344	8.497029000000001	9.578264345	1.81566	1.265038345	7.687492	1.044451345	2.340337	6.952193346	1.373395	6.40294346	10.262173	10.218908347	8.384833	8.772009348	4.702873	3.751804348	10.885381	9.907315349	15.165046	1.336731349	3.305585	10.370372350	9.412817	9.441852351	19.334203	11.263081351	3.08998	12.310811352	18.766004	3.420455352	10.128024	9.570734353	9.607173	10.448423354	18.405333	3.518918354	10.300284	10.13578355	9.91224	9.518403356	9.578637	10.296204357	10.034881	10.373096357	0.8545940000000001	18.771408358	1.621531	7.298557358	9.893102	9.455996359	16.579035	6.66973359	9.85025	11.523307360	9.725214	10.204853361	10.221996	8.47071
362	9.265532	9.56777363	18.774249	6.710168363	8.927274	10.08791364	9.345519	9.312059365	10.514399	9.564589
366	8.807854	8.081928367	1.046199	2.925543367	10.976114	8.762341368	9.712226	10.022097369	9.464196	9.444361370	10.040071	9.34511371	1.915489	2.722148371	19.027627	5.684926371	8.599414	9.63669372	9.476038	9.585984373	9.964834	9.650571374	1.341103	9.665914374	8.514925	9.96925374	4.53767	17.281438375	10.479722	9.320485376	9.775519	8.753057377	13.046941	1.091233377	10.373719	7.328916378	9.08745	8.901149379	9.823416	9.034557380	9.681409	9.390637380	17.01921	13.917149381	10.519507	18.631397382	9.302199	9.541964383	10.758958	10.497285383	7.937328	18.684366384	1.1004749999999999	6.704956384	18.178219	6.739875384	16.530193	19.080266385	10.044964	9.451071386	9.555737	8.986307387	9.422567	9.232832388	9.943642	9.503239389	9.264527	10.06115390	9.497209	9.263624390	3.236076	18.447169391	19.176137	7.363893391	18.448675	14.483609392	10.733641	0.7127829999999999392	9.445517	9.397706392	1.065194	19.314871393	9.714718	9.76794394	13.906546	0.896003394	5.003705	18.580251
395	9.377373	9.247325396	8.916467	1.69198396	19.006819	9.450665
397	8.329158	9.307451398	18.344234	5.206542399	1.3115869999999998	15.563649400	15.140869	1.463847400	9.683979	9.580948401	8.489614	8.947692
402	10.35819	10.648995403	10.143218	9.66905
404	8.074521	10.124082405	10.147936	9.500762405	1.909677	14.30655406	8.660855	10.271545407	13.458843	7.108231407	9.217204	10.043667408	9.002593	9.396396409	7.926557	9.989796409	16.365189	18.056269410	9.243245	9.668494411	8.736342	8.880292411	8.649322	18.546881412	9.566958	10.524424413	8.673697	9.572256414	12.550727	1.069395414	18.431584	7.549492414	16.711746	18.163368415	9.281162	9.997481415	6.676415	15.595691416	9.90224	8.464338417	8.974294	9.875323418	19.036779	7.56583418	8.362219	9.612186419	19.107496	9.383034419	10.513461	10.155063420	9.756838	10.365673420	14.238915	18.72602
421	1.574213	9.592599422	8.438051	10.145333422	3.463049	15.760573423	10.439872	8.634936423	16.028788	12.347427424	9.810378	10.341227425	9.185678	10.155323426	9.795266	9.385549427	9.248584	8.943777428	8.63903	9.394576

429	9.971656	8.835166430	9.823108	8.641956430	9.473401	12.307772431	14.23323	13.302591432	1.604334	6.598993432	10.379061	10.703731432	14.475855	11.075854433	18.963168	4.021293433	19.028054	9.465964434	2.897391	2.952704434	7.512801	8.943399434	19.075432	8.657797435	8.669148	9.254596436	2.291234	3.169107436	14.92933	11.577389436	6.817891	18.557553437	10.507083	8.991226
438	11.031643	9.981427439	0.9312199999999999	8.006739439	4.612299	18.747691440	1.977783	5.755987441	10.364678	9.175575
442	10.286176	9.299186442	6.760778	13.93231443	9.502154	9.655472444	7.573157	18.210501444	14.519177	18.560446445	10.147701	10.460825446	16.663536	0.990205446	2.0142990000000003	5.856061446	10.338043	9.550224447	9.065877	10.450913447	14.692717	12.323245
448	9.398831	9.653969449	8.789735	9.22151450	8.585837	9.050074450	10.901851	19.019422451	9.395757	9.546344452	9.812833	10.218757452	15.43233	12.611192453	9.483301	9.408363454	10.109227	9.233481455	18.767018	7.997071455	9.398589	9.764309455	10.928545	18.549946456	9.945025	9.232245457	9.718029	8.790208458	4.927822	0.749532458	0.956737	3.566096458	11.39143	10.117932459	9.306798	8.950634459	1.018726	16.521564
460	9.764373	8.868072460	19.15486	10.464003461	5.641416	0.929961461	7.700656	9.608063461	19.096876	14.470521462	9.302566	8.977637463	9.64943	8.808668464	18.740579	7.431142464	9.342909	9.093531
465	9.637938	8.963766466	9.432831	9.67156467	10.085062	3.509941467	18.350239	8.444956000000001467	9.363874	9.746917468	9.02569	9.503627468	12.190128	9.065759468	11.020894	16.00252469	8.874911	10.502125469	18.439304	15.354471
470	11.982445	8.010679470	18.536992	7.735885
471	9.439188	8.966168472	8.394231000000001	9.932511473	7.630833	1.4222709999999998473	15.533227	5.555382474	9.281739	8.729653475	9.007325	9.636354476	13.712358	1.270648476	2.756984	8.088391999999999476	8.512091	10.682347477	10.240608	9.672743478	12.624831	1.199749478	11.420094	9.961399478	7.213175	12.324893479	12.404203	0.9593320000000001479	12.281123	11.466651480	9.601591	8.598447480	18.079963	9.732639480	10.749524	18.461012481	16.487841	0.674229481	9.540297	9.380851482	9.374738	10.042086483	9.408616	9.43882484	9.232692	9.777371485	9.294262	10.283783485	0.924006	11.615505486	1.942183	7.945759486	9.038196	9.746116486	3.526877	18.32727487	9.222148	9.799963488	8.860544	9.491445488	12.088877	10.203583489	9.601197	9.329759490	9.33815	9.475954490	18.008243	12.163447491	18.921288	10.67786491	4.245089999999999	19.01183
492	7.57183	2.684727492	16.546379	3.107263492	0.787363	10.364075493	7.176637	1.052143493	1.240626	7.864514494	10.373991	10.21849494	16.516446	14.744245495	8.926924	9.383093496	8.546802	4.196197496	2.060792	5.009068496	1.92025	13.575028497	9.498543	10.445615498	16.570588	1.025099498	18.72932	7.203417498	8.659549	9.613789499	9.684079	8.368441500	8.968915	9.347019500	11.356277	18.267368501	9.55391	8.422388999999999502	9.844237	9.478584502	1.136241	19.138142503	9.891757	8.466256999999999503	1.952001	14.664654
504	1.45956	13.978469504	16.628974	16.080447505	10.540712	8.876904506	6.031692	1.080213506	13.326898	0.9624440000000001506	9.493273	8.951354507	9.804189	9.911398508	9.458313	10.161892508	1.565889	11.567368509	17.555346	4.65515509	18.137342	16.657362510	10.337413	8.767788511	8.766617	10.389202512	1.541698	9.083917512	9.437953	9.316882512	18.90756	19.115791513	17.585284	3.45522513	8.70353	9.535613514	10.916098	9.378222515	9.219915	10.503741515	4.779009	18.190564516	9.32713	9.656885517	10.182492	10.602464518	14.472904	18.732189
519	13.337445	1.681466519	8.962542	10.533144520	9.860686	10.017651521	18.356918	10.959799521	1.656313	16.153799521	18.50267	16.96195522	10.404563	9.398071523	11.042097	10.796484524	9.381788	8.411469525	9.788498	10.024095526	8.984043	9.975165
527	8.562246	8.870617527	15.698594	16.479810999999998528	12.695738	1.677894528	9.533613	8.969604529	9.780806	8.814305530	9.954123	10.191741531	12.94673	0.836812531	1.431332	3.417482531	9.176157	9.256237532	0.952553	4.899013532	8.874367	9.67973533	9.610596	8.568376533	8.90842	19.044511534	8.793676	10.655279535	9.561231	9.79375536	9.211931	8.877138537	10.931572	10.170761538	18.022248	9.307971538	12.325345	18.068753539	9.740218	10.204992539	18.337736	11.5469539	9.217489	18.681732540	13.893935	1.761893540	17.533155	12.113546540	11.903803	15.670284541	13.104982	13.508917541	8.95963	18.997597542	4.985025	7.486917542	1.039121	15.749808542	7.827382	17.546155543	9.974515	8.891287543	1.049036	13.020186544	11.935332	1.108865544	9.581027	9.0959545	9.724455	10.080266546	8.613459	10.115493547	9.817609	9.173479547	15.411449	18.202989548	8.925314	9.065745549	16.864607	6.817421549	10.104136	8.607051
550	9.841335	10.213832551	10.157294	8.737021552	18.782802	3.449317552	9.957082	9.418718553	9.472014	8.529391553	15.502626	18.526649554	7.47095	4.866995554	10.073781	10.318372555	8.071318	1.752509555	8.94157	9.594908555	10.91424	19.211928556	18.915386	8.11106556	9.353482	9.223956557	10.000416	9.591562558	8.853785	9.492277559	9.168726	9.560306560	9.566087	9.623512561	9.419671	8.504794562	9.611001	4.801641562	13.601264	18.2537563	10.002155	10.274136564	3.423767	1.1361210000000002564	12.286764	18.800827565	9.871073	9.350035566	9.327938	8.46833567	9.352912	9.786591568	9.598925	9.159916
569	10.0757	8.492521569	8.874802	15.878602570	8.714429	9.252533571	14.517986	1.973731571	19.27927	6.624809572	9.718707	8.913847573	19.103453	9.024327573	9.458753	9.312403574	9.867445	8.719465575	0.9552590000000001	8.279489575	8.921824	10.718957576	3.901296	5.170344576	3.807285	18.939653577	9.97235	9.762775578	9.904273	9.702823
579	9.511087	9.239026580	9.600542	10.573773580	7.195223	18.904003581	19.208319	8.334235582	8.438208	9.838793582	4.728163	17.14562583	10.215111	10.127256584	8.978137	9.643782584	1.607113	16.153547585	2.25814	16.669309585	8.812799	17.511226586	0.820095	0.977614586	0.947724	5.372617586	8.579457	13.08433587	9.234074	8.497183588	10.478747	10.027911588	15.857115	17.520769589	9.253162	9.597935589	14.849731	18.994639590	9.162362	8.980532590	18.542083	15.571247
591	3.545544	1.304791591	9.657596	9.271294592	9.42572	9.576084593	9.003236	8.91469594	18.405046	7.382143594	9.755171	9.377013595	7.726693	10.568623596	15.792127	1.915824596	9.698517	2.504158597	8.759809	9.598172597	4.490705	16.596154598	14.504757	5.22674599	5.986975	1.630562599	12.008755	7.924841599	13.364042	17.079403600	9.897046	9.23374601	9.26478	14.867418601	5.491051	19.132636602	2.123326	6.787131602	9.764491	9.293271603	1.399475	8.182400000000001603	8.596664	8.374232604	9.816317	9.764051605	9.637246	8.511083605	19.010733	15.466768606	9.669996	9.265967607	9.475412	8.724669608	9.516691	11.444463608	4.682449	18.578614
609	18.327105	3.623351609	9.472386	8.639009609	2.936412	18.377566610	9.269973	8.775116611	1.4038270000000002	7.242172611	11.258818	9.327487612	9.404768	9.728883613	19.064291	3.921106613	9.019984	18.011108613	14.736535	18.563393614	9.944685	8.681949615	2.657933	3.903951615	10.013526	9.978441616	18.601374	4.550058616	9.411006	8.52805616	0.8313980000000001	15.362052617	5.331699	2.528299617	8.531368	9.484035617	15.665716	14.139297618	8.795656	9.704856619	10.425623	10.264408620	8.821406	8.545773620	19.087912	12.992235621	9.352948	9.963342622	8.319433	0.8713040000000001622	8.527561	8.634589623	14.749327	2.575266623	10.338714	6.90596624	10.115312	9.292931625	9.425304	10.546359626	9.740358	9.754533626	1.676849	16.183569626	8.507426	16.435633627	18.273305	7.853524627	9.037121	9.142815628	10.079591	9.571274629	9.778436	9.474326630	9.630514	10.146522631	9.200237	10.557025632	9.094533	9.469117632	1.601794	15.84413
633	10.50059	9.329364634	9.626629	8.866805635	8.675441	5.595711635	7.676669	9.504865636	8.479600999999999	9.620191637	8.708608	10.464165637	10.484584	18.474661638	9.12168	9.315649639	9.277114	9.597237639	16.676128	10.666824640	18.178294	4.933474
641	8.925787	9.723605642	10.693195	1.751583642	10.545842	8.654423
643	8.329554	8.363679000000001644	2.775781	3.189652644	11.260403	10.039612645	15.158739	0.996334645	0.948698	2.625998645	5.755798	10.284204646	7.90743	0.985792646	9.273107	9.37336
647	8.443588	9.139432648	8.739831	11.394147649	10.135769	9.576179649	1.182468	13.456611649	18.508289	15.057391650	19.219981	5.631905650	9.190751	9.669731650	1.709513	11.164111651	6.23603	1.24116651	9.167871	10.172892652	9.230301	8.747673653	8.966868	8.976373654	1.0901800000000001	0.77006654	8.269698	8.64683655	8.706416	9.475043656	9.752966	8.565271657	9.616058	9.574578658	9.764807	8.266922000000001659	3.158212	1.528877659	18.637846	13.558118659	7.563448	19.000945660	9.407304	8.702582661	9.184281	8.466975999999999
662	18.86553	5.34385662	0.9977480000000001	6.74563663	14.66041	9.450148663	9.802137	18.54658664	9.342569	9.084696665	8.549909	8.936547666	10.083932	10.86851667	18.751267	1.3715570000000001667	9.678755	9.603072668	9.918112	9.27359669	0.874672	4.1342669	8.657448	10.248523670	10.773536	9.330562671	10.129345	9.973626671	14.247699	16.947943
672	9.108367	9.982904673	9.730607	10.620187673	3.991777	17.05664674	8.889268	9.040791675	1.466809	7.57156675	10.234373	9.460572676	9.519194	9.96369676	12.917693	9.133231677	10.015992	9.298046
678	16.363462	5.658279678	8.174395	9.85473679	9.509131	9.214722680	8.553257	9.331249681	1.070538	0.874926681	3.949061	6.256878682	9.095661	8.623439
683	9.628864	9.800725683	1.093218	16.509398684	8.661578	9.120344685	8.483335	8.723977686	6.901955	0.805553
687	2.220192	2.102835687	19.119565	7.415672687	10.491986	9.735289688	18.780393	2.61723688	8.30988	8.858166689	10.061424	9.392386690	9.780973	9.864161691	8.867815	9.118087691	19.156292	15.532516692	8.94991	8.620544693	13.288987	2.36754693	12.993317	18.800246694	7.895943	8.802609694	12.72388	12.640959695	10.098596	9.445243
696	19.068443	0.99229696	13.999566	2.637924696	1.573153	12.28274697	16.641542	3.637368697	8.8359	7.97534698	9.694282	9.649006698	15.331187	15.286572699	6.195094	1.341618699	9.64162	9.389494700	8.034756	9.515475
701	8.581277	8.793142701	15.593312	18.980353702	2.850808	6.574831702	17.575669	12.431587
703	9.756056	8.411097999999999704	10.127457	10.164471705	10.440157	9.982682706	9.741566	10.268142707	17.008814	0.786833707	8.975063	8.639244708	5.195881	1.3830879999999999708	8.589259	9.719498708	19.009451	14.04855709	9.515282	9.774638710	10.320784	10.319255711	9.992031	9.636657712	10.771764	8.780593712	16.532817	11.843541713	8.7169	9.910101714	1.208418	3.454379714	9.488544	8.806772715	8.992568	9.625616716	8.535861	7.820566
717	9.809301	9.701022718	1.176067	9.74954718	18.928	11.545474718	13.734032	16.5673719	9.590687	10.616815719	0.946631	13.468598720	9.731004	11.183986721	1.036726	7.072387721	18.997326	9.150783722	0.793196	2.735675722	9.290468	8.161135723	8.742556	10.12229724	15.64234	1.489171724	8.317741999999999	9.947583724	18.207061	12.129764725	5.587841	1.893561725	9.601556	8.825559725	8.820853	18.152662726	7.748983	10.755128726	19.080776	11.099162727	9.642184	9.772321728	10.289187	7.570051729	9.377044	9.251298729	0.858013	13.477331730	10.032685	9.499443731	10.563797	9.669988732	10.44714	10.23974733	10.988269	1.620791733	0.907831	18.108098734	9.562852	8.761493735	10.180685	9.238429736	9.520342	9.723484737	9.187267	9.620584738	16.578165	7.298185738	9.96377	9.590756738	8.335808	18.999419739	13.242741	1.0323069999999999739	9.711225	9.425174740	8.714837	10.057037740	0.751886	13.585959741	10.036479	8.772879742	8.270061	9.655902743	16.186447	1.621877743	10.328979	13.987578
744	9.275654	9.448287745	14.394938	0.832766745	3.148659	5.005767745	18.65428	18.195668746	9.492229	10.227372746	2.976767	18.935023747	12.274327	1.227916747	10.905316	5.70376748	17.769408	12.256468749	8.549178	8.631739750	3.427477	1.2076310000000001750	8.647183	9.001223751	9.646175	9.841821751	19.132169	15.547794752	18.851604	3.946844752	14.746523	11.784975753	4.387166000000001	2.484471753	15.941721	0.946392753	1.720083	10.140655754	10.324047	10.422871755	9.570735	7.810256756	10.407482	9.269137757	9.275459	9.021415757	18.57425	19.033412
758	10.375366	8.934672759	8.993393	9.358548759	11.10495	19.363407760	8.902511	7.844744761	8.906901	10.22911762	9.056222	9.480287763	9.494967	9.206977764	9.598087	8.870464764	9.636419	9.314285765	15.393482	4.879104765	9.153075	9.184975
766	4.2572209999999995	1.027263766	9.134397	8.50421767	3.479348	8.166954767	9.62969	10.688108768	18.523402	7.630665768	8.998992	9.195203769	18.98991	3.343702769	3.686623	16.880338770	8.885904	9.693836
771	7.917567	8.802526772	9.08883	10.154672
773	10.223288	8.289266999999999774	9.238652	9.244248
775	9.610549	10.916486776	9.96864	9.348581777	9.155181	9.123455777	5.212303	18.697728778	10.143277	9.511153778	4.385759	15.325828779	16.770693	6.837398779	9.904633	8.3052780	9.387787	9.648053781	8.990672	9.384615782	18.258699	10.803859782	10.629298	12.470801783	1.912751	12.525852783	10.328613	11.254826784	1.304368	4.829816784	12.159725	9.479378
785	8.934939	8.707729786	2.132762	2.959898786	15.000812	11.930635787	10.371005	8.427433788	9.238049	8.664771788	2.16893	16.399110999999998789	8.670449	9.457945790	1.633044	13.647527790	14.583359	18.956504791	7.434106	6.932501791	1.254505	8.284019791	3.4041	13.94537792	9.618024	1.712152792	10.079674	9.965405793	8.37765	9.342236793	14.695792	11.277463794	9.188987	9.209776
795	10.164749	9.633152796	7.782296	9.92585797	10.34993	9.964338797	18.914136	15.16978
798	9.112871	9.982083799	1.540595	0.9572229999999999799	9.414913	10.590159800	8.475386	8.868086801	1.424969	8.27504801	9.331635	8.950963802	10.274781	9.179774802	3.935246	17.314489803	8.866677	10.505521803	18.145021	10.301806804	10.057045	10.161811805	11.556082	8.343235
806	15.952993	1.4622009999999999807	17.425678	5.293852807	8.609023	8.737086808	10.310002	9.973544809	9.12646	9.521152
810	1.195777	8.975851810	10.406946	15.210186811	9.604307	10.235795812	1.482291	7.681342812	9.777232	8.95762813	0.953782	3.371759813	9.684057	9.392063814	16.019652	5.38499814	7.426292	18.510658815	7.325304	0.964056815	8.614241	8.095067815	1.3582459999999998	13.701575816	10.484574	8.535615
817	9.378144	9.091239818	9.496676	9.766129818	11.400823	18.883024819	9.57454	9.221257820	9.760971	9.748713821	9.35697	9.779204822	5.005804	0.719485822	8.87889	9.570419823	10.277247	10.04852824	9.89464	8.479868825	9.74206	9.070053826	7.736671	9.959712826	7.37838	18.498716827	1.563835	6.613605827	0.5	15.192792827	5.3883	18.48889828	16.99888	6.48912828	10.035138	10.393907828	5.390273	15.958164829	4.720751	1.149061829	16.799087	14.155297830	9.404439	9.476324831	9.967601	8.486132832	1.488368	11.876993832	8.587079	10.584782833	10.907155	9.169446
834	10.087682	7.957332835	9.300151	10.30567835	11.308509	17.46309836	10.677	7.98442837	9.625914	9.362589838	7.549863	1.498543838	5.932542	5.886203838	10.334442	10.61364839	10.557104	8.464233840	9.402736	9.181324840	7.623019	19.215626841	9.483865	8.424234842	9.599296	1.359564842	9.543666	9.355506843	9.698809	10.140033844	10.280732	9.719511844	18.731558	12.523307845	9.599708	10.100763846	9.718616	9.846931846	12.034883	16.564479847	10.233634	1.062871847	9.796893	9.400986847	18.818059	15.221393848	10.07832	9.49007849	8.049123	0.9154370000000001850	15.705054	0.7785139999999999850	10.454971	8.78759851	8.788105	1.2291349999999999851	18.463544	1.389051851	11.39843	9.520926852	8.494433	10.358077853	9.558217	10.403741854	8.681555	10.236147855	18.758627	7.35404855	9.163557	10.372557855	1.550531	12.061138856	9.531831	9.819963857	10.299223	0.949083857	1.520146	15.780976858	10.714405	9.299219859	9.16033	10.117963860	9.58535	10.059224860	19.256604	13.496567861	9.617862	9.63842
862	9.041983	9.06385862	16.587974	17.90512863	10.197111	9.520417863	10.719167	17.784926863	4.845803	18.642256864	9.372299	10.041853864	4.854507	11.409891865	9.214083	9.916887866	13.317193	0.955769866	9.529546	9.109486867	8.927157	1.1396950000000001867	12.445101	11.34407868	5.372977	0.992965868	9.170737	9.263987869	13.112003	1.50303869	10.549124	9.500086
870	9.469796	8.38715871	11.535997	8.385081871	1.801518	13.266568872	10.135747	9.688319
873	9.43274	9.352631873	1.184637	16.006249873	13.288986	18.632317874	9.696831	10.187034875	11.383727	8.993288875	18.048499	16.256385876	10.317793	10.331936
877	10.04099	10.248375878	9.48754	8.84617879	9.321266	9.723068879	12.245016	15.513206880	8.785641	0.874607880	1.247933	3.008159880	9.378467	9.411311881	4.816315	19.25431881	11.948216	19.217784882	1.3435899999999998	3.386528882	9.802075	9.760371883	9.869461	9.507647884	5.484494	1.235587884	9.487323	8.849765885	9.960281	10.171058886	10.448559	1.949853886	2.049216	4.823953886	7.215287	19.114916887	8.203202000000001	4.44192887	14.257945	7.685073887	0.754617	19.176594888	8.507879	8.41025888	16.710253	17.727577889	9.417137	9.557908890	9.502671	9.907814891	17.077374	1.091145891	11.325347	8.588177892	14.488369	1.560619892	10.480906	9.497951892	12.247239	15.776913893	3.504815	9.800683893	7.789302	9.263143894	1.782165	8.262025999999999894	15.748381	14.248833895	8.667828	9.352417896	11.026746	9.521699897	1.928837	10.705079897	3.812907	14.322674897	18.953125	17.279674898	8.440657999999999	8.514964899	9.799882	10.192507
900	9.831157	8.993903901	9.815808	10.003539901	0.9834339999999999	19.370197
902	1.521085	6.717268902	9.444583	11.062667903	10.108987	9.726783904	10.246956	8.844623905	9.571798	9.514975905	19.012842	13.302883906	5.413907	1.544477906	9.138735	9.623341907	10.463309	8.660225907	6.483629	12.404793908	10.988046	1.411839908	18.75304	16.328829909	9.412175	9.617174909	0.767064	9.730708
910	9.662852	9.637816911	9.807299	9.660727912	9.920687	9.337386913	1.23708	9.841704913	10.33174	10.428376914	18.308079	12.064566914	9.530276	18.914269915	6.703142	1.432255915	9.866044	10.262718916	9.008073	9.600413916	9.728143	18.660831917	9.284613	10.197844918	9.196553	10.081306919	4.647312	0.565904919	10.589201	10.556585920	10.426007	9.45393920	0.931489	18.968505921	9.568423	9.119645922	9.211987	10.095259923	9.776664	8.63879
924	9.094237	9.307175925	10.161802	8.471571926	10.268279	8.85518926	7.575271	19.378406927	1.719966	8.418099
928	10.019982	2.294118928	9.605122	9.367785
929	1.0274	1.501885929	8.743846	9.828002929	16.873444	18.966353930	9.460464	9.455718931	8.622119	9.615769931	18.40418	13.574562932	10.503263	8.986194933	8.279887	0.966526933	9.891357	9.393011934	11.37327	7.859578935	9.086252	10.257684936	9.168643	9.624893937	9.123494	10.220916937	19.0821	15.45096938	4.924093	4.165065938	0.7570060000000001	11.402214938	15.788201	18.634223939	8.031475	9.667938
940	18.75964	5.435535940	9.080542	9.264491941	10.156387	8.456631999999999942	9.032342	9.777323942	11.460159	15.658852943	9.462346	9.316101944	1.208386	4.691377944	7.977921	7.438954944	1.886206	14.287394945	9.629721	9.574884945	12.52616	18.914498946	9.323039	9.7057946	1.361937	10.27871947	7.826892	9.487389947	6.047684	19.145114948	7.747114	1.438851948	3.460767	8.586346948	19.112708	15.80902949	18.638997	3.794881949	17.745213	13.853323950	11.206132	9.459578951	19.144188	0.815131951	8.631459	8.927399951	13.299023	12.838552952	7.564531	0.980965952	18.097978	13.492025952	8.788449	16.56339953	8.249077	8.689236954	2.864112	4.217005954	10.922267	10.884768954	1.403416	17.67689956	1.933094	6.469124956	9.403287	9.027325957	18.978171	3.372383957	9.680403	9.228845958	9.739497	9.459962958	19.135326	15.856693959	1.782296	3.710632959	1.422711	9.995044959	10.673971	16.29909960	9.603774	10.196902961	10.283824	9.645517962	8.564507	8.681321962	1.75022	16.240973963	1.368091	6.95582963	8.046365	8.360501964	18.971242	7.321849964	14.386846	13.535253965	9.398172	11.489258965	15.08437	18.080097966	18.324658	7.846944966	8.865661	9.81135967	7.358012	1.913773967	15.315502	19.12353
968	18.598997	12.64254968	1.431226	13.36868969	9.035386	9.610249970	9.903117	9.497681971	9.842001	9.011212972	18.299809	5.415854972	7.792012	10.508081973	15.323446	17.691652974	9.121007	9.589635974	12.090915	19.022187975	9.291447	10.13625976	9.627686	10.034571977	8.323876	8.768516978	8.033809999999999	1.35657978	9.748137	8.952848979	9.878433	9.478735980	10.006224	9.004548981	1.274679	9.357405981	9.513329	9.481861981	7.629288	18.146422982	5.125039	1.171983982	19.5	6.869578983	7.74981	9.137596984	9.367866	9.61326985	9.699101	9.660866986	8.389825	9.315063987	9.031972	8.934686988	9.319736	11.084465989	8.506407	1.260384989	18.254074	5.536162989	8.877127	7.873631990	10.318106	10.445433991	9.090297	9.834218992	9.786914	8.885755992	9.728467	11.122309993	9.49365	9.839613993	18.927432	12.938939994	7.924331	9.353457
995	10.094929	9.599987996	10.410732	9.942628997	8.419934	9.720733997	14.393374	19.113254998	1.663802	4.337802998	9.465718	10.127377999	9.545867	9.575127