0	9.459442	10.4414071	6.178865	0.8884321	9.432446	11.0111512	18.649639	5.4974392	10.513594	8.5098693	10.087784	9.634014	2.866505	1.0178064	10.410214	2.4827254	15.64939	12.7787475	18.326372	5.5170715	9.952223	10.1020436	3.115601	1.9160756	9.321301	8.439777	7.511832	1.3296027	9.709758	9.2234087	1.822175	9.1551558	8.425932	11.1402898	15.520823	13.3273399	9.796021	8.5076479	1.210024	17.610523
10	9.526225	9.16859511	0.96472	4.96670811	1.509285	14.24551112	10.923126	9.59236212	9.50838	17.1588113	16.552656	15.223313	11.166731	18.08842514	1.243368	15.69768314	12.621649	17.23306115	0.906526	0.88980815	10.459844	10.01801316	7.352608	0.99094916	10.923911	9.36867717	9.186119	9.41819417	10.945803	19.05897918	8.996232	9.50747419	14.397561	0.67511219	9.160132	8.91513220	1.553678	11.03036920	8.902965	11.01676921	9.351404	9.78635222	8.941104	8.94309323	9.873786	9.47530924	5.166067	5.04222224	9.14993	9.76244125	10.99886	1.80397825	19.252905	6.37586525	9.012851	17.17370226	1.33996	2.24056326	9.449103	9.29383227	15.080899	0.99087527	1.995639	3.59626228	17.704149	0.83296328	9.285302	8.8350729	10.414422	9.46898530	7.267337	1.53008330	9.701446	8.75336431	8.186816	11.40733131	18.723042	11.75821832	9.482799	8.82443332	9.226712	18.37962933	1.607232	3.23672833	12.903502	4.13123933	9.229923	9.65997834	17.957636	7.14249834	9.967846	9.10041635	18.775156	2.38907635	9.347635	9.39039836	9.583323	10.20072437	3.167483	3.63982837	18.965237	15.87002238	9.178132	9.47809939	2.998209	1.0381239	9.517597	9.03661840	13.011595	4.71242140	2.650681	18.37379541	17.38508	1.57903941	10.456532	9.52259142	10.190391	10.16306143	9.706286	9.60218744	17.312624	2.058602
45	2.576279	0.88297945	1.390512	5.48369445	9.966009	9.86794346	4.952422	11.5620846	18.974615	14.302225
47	9.308177	9.89620348	9.972282	10.24881649	0.795927	5.05394949	8.973253	9.39184250	9.593087	1.48153850	5.938026	9.76120650	10.0768	9.15194751	15.60112	11.62354751	8.983326	17.90043652	18.795004	7.42067452	9.468261	9.90189153	8.90869	9.6773554	9.777748	9.40995255	0.626003	8.53567755	9.991617	11.42413356	19.20672	6.53538356	6.480949	15.42107456	3.389197	19.19398957	1.527192	6.71239557	15.674054	15.15428758	9.585963	9.64370859	10.366319	8.73035859	3.986667	19.19776960	9.454974	9.64922361	15.955969	1.17599561	18.105806	16.89604261	2.047844	18.0894262	10.278371	8.69372662	2.205226	19.16983263	8.512071	9.30699963	11.006976	16.43898264	10.269955	9.63426165	10.783277	8.7378566	7.553229	15.31394267	18.283279	4.24454267	9.206782	9.20235368	9.261217	9.96445469	9.406218	9.73302669	0.938185	13.35170470	18.146742	1.11546570	1.079485	4.64326570	9.83309	9.17171771	8.043304	1.91431671	17.682405	1.37091971	0.931245	6.33322472	9.54516	10.80012873	10.967909	8.61061473	14.652049	13.65677973	18.502907	17.9169674	9.305083	8.90749575	1.337044	2.916359
76	1.901051	6.95093976	9.335681	9.27635977	17.949911	6.29444777	9.967256	9.63684777	8.293096	18.7161578	2.544358	6.98796278	7.88955	7.46819478	5.068233	14.9436279	9.199781	9.27238480	8.807105	9.46098881	8.838303	0.69467681	1.581417	1.41263781	7.852599	9.63476882	9.299167	10.18659183	4.068911	6.67354483	6.820767	18.23618784	1.355787	9.57030584	9.891324	9.03818885	9.177672	10.28200286	19.284737	12.01402286	1.075698	16.3843587	0.927395	8.17631187	9.395192	8.492425
88	8.602427	8.97100189	11.81198	0.65148989	18.651825	3.02379289	9.139107	9.47529790	2.565659	8.52406590	9.64675	10.38572491	17.940327	0.87293991	8.579276	10.29445391	1.972065	18.40064892	18.588684	4.25159392	9.721299	10.20355893	9.600577	10.07290293	19.250427	11.53692294	8.297038	8.26232195	0.869105	9.85644195	10.372996	9.65884396	12.296394	1.52364196	1.236536	2.758915
97	8.744818	7.4857498	9.140512	9.19987199	9.790033	9.841683100	17.581907	1.57214100	8.892923	9.522122101	5.474645	5.638502101	9.667033	9.670421102	8.707715	9.491652103	9.6754	8.914133104	18.332411	1.130473104	18.444584	8.632499104	6.126364	19.330257105	10.663482	1.775599105	9.591244	9.762447106	8.948803	9.918242106	3.583196	18.431753107	10.31066	8.83435108	17.949291	2.679879108	8.305656	10.012583109	1.735265	0.67357109	17.813246	7.266231109	1.40384	14.2755110	18.907722	10.1399110	6.394779	18.713528111	2.212186	6.741039111	9.311221	8.616994112	9.602206	8.792469113	11.230451	9.43989113	18.844948	12.599273114	9.000822	1.89126114	9.92406	10.734014115	19.07559	2.053392115	9.713353	9.226091116	10.141855	9.439944116	2.044088	17.709642117	10.021103	9.192579118	17.594156	6.127449118	8.949404	10.280825119	1.780653	1.787661119	8.901978	10.229988119	18.298941	17.432915120	7.746395	6.73255120	18.729168	11.732866121	9.176254	1.095456121	9.648947	10.487485122	8.401456	8.78084123	1.86239	9.300782123	9.795486	9.614156123	10.337716	16.541189124	9.47562	10.448178124	19.286991	19.5125	9.640585	9.749519126	16.785408	0.832626126	9.205236	9.976186127	9.322688	9.71765128	10.259492	10.745754128	18.260889	12.127562128	12.801006	16.833607129	18.420557	1.874087129	8.51901	2.343773129	15.26185	15.947931130	5.958284	18.346167
131	10.154407	9.936374132	10.306349	9.129077133	10.800188	10.203449134	17.058256	0.741959134	0.764871	8.08394134	5.062247	17.789177135	0.588467	0.757943135	9.571992	8.322755135	17.698904	18.509991136	11.14019	10.090715137	9.833076	9.342702137	13.40733	17.30513138	12.068731	0.872546138	1.577439	1.770855138	10.504503	7.206462139	1.215181	1.586078

140	10.420095	9.714141140	13.646235	18.224783141	0.865923	14.340452141	19.382421	16.29896142	1.389435	4.469577142	10.025705	10.390411142	16.856014	19.02622143	7.727286	9.664949144	18.874647	6.556904144	2.427197	9.215051144	8.613908	9.665758145	9.541611	9.406087145	6.410256	18.458326146	0.884268	5.956133146	9.746713	8.428291147	9.236341	9.641385147	18.423508	18.430645
148	9.623123	10.015544149	10.556855	8.994827150	13.911994	1.080899150	0.869208	4.016651150	4.922467	18.169737151	9.601622	9.514554151	16.511335	12.931377152	8.512427	9.06978152	18.978458	8.804352153	3.384916	14.429559154	7.293243	10.004935
155	11.043013	8.795147156	6.581797	3.841465156	9.597978	9.442967156	17.485355	10.411028157	14.999941	0.783762157	5.414767	15.312919158	19.186848	0.713821158	9.496228	9.790044158	1.595883	14.191014159	10.036892	10.432311160	9.647616	9.92716161	6.355747	16.752748161	18.50938	17.77919162	16.618317	7.86308162	4.329911	14.919496
163	7.606563	8.520823163	4.865805	17.094727
164	9.413406	9.408868165	5.083649	1.477088165	11.158393	1.891252165	4.324002	17.604334166	16.443146	6.247128166	18.230612	14.56784167	9.622037	9.720598167	0.964859	15.020071168	18.702745	4.242737168	9.718553	10.031289
169	10.689478	9.474439169	15.811572	18.626831170	9.945674	8.476457170	18.507011	15.583811170	4.58122	19.022169171	10.169317	9.626514171	19.10463	17.504221172	0.675691	6.03267172	5.094544	9.380486172	7.506518	18.640276173	16.121267	7.952892173	8.712308	10.47646174	9.353384	9.83203175	18.252684	10.041608175	15.346029	14.895388176	9.377717	8.781355176	19.091476	9.029493177	17.617905	7.392552177	9.415294	9.602132178	10.559682	8.489812179	1.497947	5.218493179	3.805975	15.76794179	12.625153	15.032188180	8.632928	10.578586181	8.046364	9.613098181	1.569709	17.943249182	12.788545	4.200978182	10.299932	9.37056182	18.933739	13.786538183	9.538199	9.783895183	18.140543	10.031338184	13.28614	0.932602184	8.758348	9.472574185	9.606708	9.447963186	9.022189	9.416519187	8.844954	10.361104188	0.95704	1.594742188	8.786296	10.782651189	3.846073	1.259745189	9.560327	10.414665190	1.506162	6.101519

191	14.569776	1.277312191	10.232267	11.958085191	16.228876	14.204407192	9.451555	9.744208193	10.777425	1.820356193	10.178799	9.892367194	19.426647	4.126776194	9.768033	9.152168195	8.520512	8.643348195	16.768574	18.516106195	8.467004	19.003344196	6.327404	3.41719196	18.960182	9.686599197	8.046857	9.384574197	5.538918	15.290671198	9.264691	9.556514199	13.389101	17.764578
200	2.454874	12.12974200	1.749753	17.475777
201	10.208735	8.920259202	9.576124	9.736938203	10.037982	8.654868204	9.39342	8.589235205	0.887888	5.223083205	9.985867	9.500531206	15.019623	1.905537206	7.647779	16.264278
207	10.083794	9.611165208	0.753863	7.002966208	9.330829	8.779155209	0.734075	5.673238209	18.455267	15.236765
210	9.27031	9.524419211	7.727672	1.853372211	8.759239	10.342212	9.335699	9.266026212	15.478065	12.666322213	9.812337	10.186871214	9.580257	9.463257215	2.078243	3.063758
216	9.054331	8.639742217	19.150438	2.057907217	9.815167	10.500963217	2.317855	14.637396218	15.154249	0.931172218	9.557322	9.57009219	9.241586	9.233925220	9.931044	0.732823220	8.55538	12.000134221	9.759466	10.036944222	1.521661	2.574674222	9.551172	8.966096223	8.288735	12.024776224	6.682914	1.716791224	8.575788	9.709344225	8.695759	9.504156225	10.908681	13.412314226	9.259723	9.358426227	5.481989	18.044147228	3.181733	1.083516228	19.17808	11.358694228	12.518697	19.101603229	5.125721	4.781136229	10.233563	9.955124229	18.539349	10.053453230	10.273639	1.614141230	19.106613	17.53643231	8.896604	9.926223232	9.019595	9.479833233	12.881601	1.212586233	9.049267	8.953373234	9.448703	10.023322235	8.982787	8.250016236	8.736782	9.563543237	0.833831	0.947902237	9.356971	9.554101238	9.716068	9.676667239	10.110383	10.659409240	13.325773	3.063528240	8.636159	9.631256241	10.160915	9.496405241	17.603933	19.0217242	12.595992	6.082985242	8.722732	9.94643243	9.434383	9.32788244	9.609349	7.717034244	18.607798	15.653114244	13.193755	19.158922245	8.637746	7.990734246	10.61587	8.893119247	8.96519	9.761468248	6.59731	3.326927248	8.858418	10.052031249	8.860466	9.252295250	10.418405	8.626026251	12.240326	2.383438251	9.944449	9.139601252	9.371447	9.912573253	8.709337	10.276266254	8.574758	10.01242254	11.610131	19.327532255	10.408636	9.788207256	9.256741	10.052631256	17.462793	15.685819257	10.368512	9.154814258	8.952143	9.506044259	9.629488	9.316217260	9.992435	9.541614261	1.047384	9.495347261	9.61109	10.544017262	9.492135	9.280115262	18.797077	14.330182263	11.082605	10.74261264	1.339548	4.508379264	9.631953	9.612598265	9.305197	9.799207266	9.475076	9.296865266	18.940277	19.27799267	10.366376	9.059324267	8.893972	18.531061268	10.102677	9.918151268	10.157695	18.895662269	9.735819	9.949148270	9.520308	7.960794270	8.437113	16.801773271	9.016748	10.472432272	9.622469	9.408752272	18.956392	11.851476273	13.496737	2.197016273	10.05352	9.008267273	18.079758	14.89393274	18.478437	7.462568274	6.936021	18.242931
275	19.045853	7.71259275	7.977617	9.835746275	2.482502	18.225372276	8.912151	7.904799277	18.490763	4.71019

278	8.811357	10.45291278	17.403652	18.580019279	8.840755	8.578625280	9.403759	8.796773281	9.295275	9.333741282	5.970577	0.697189282	9.607906	10.092402282	0.702655	14.85236283	9.341578	9.677761283	15.342292	9.721948284	15.287042	8.089151284	9.287119	8.910851285	8.724951	9.88024285	10.409928	15.574263
286	16.698559	2.360225286	17.756317	12.712524286	12.970395	18.536345287	10.301257	9.230775288	9.562791	9.289001289	8.840094	9.694849289	0.857385	11.145863290	10.239204	9.322335290	0.892114	9.935136291	9.430776	10.783812292	10.092542	8.944579293	2.22414	5.784022293	17.842278	6.949909294	10.022909	9.272306295	18.54735	9.649927295	19.184553	14.782022295	1.004775	17.290558296	9.602963	9.593977296	18.197582	15.681087297	8.928623	5.888155297	11.051774	18.285706
298	0.9606	1.694278298	6.180389	9.013728299	8.48229	8.583191300	0.973343	2.45877300	9.54725	8.654556301	8.949053	8.991325301	8.440495	17.27639302	9.265591	9.071803303	9.485789	9.346649303	6.722543	14.688576304	1.909834	10.991054304	17.65192	15.177781305	9.665959	10.37417306	9.322515	9.404958306	9.626247	19.120466307	10.649849	9.859483308	9.820248	10.14803308	18.220112	18.979239309	8.622269	9.750381310	9.513828	9.43775310	6.401427	19.152954311	9.582253	9.412637312	2.985569	6.371992312	9.501602	8.721349313	7.086337	1.732092313	8.85063	9.998198314	10.183312	10.119171315	7.513418	10.4126315	11.29496	17.620392316	8.520125	9.308908316	1.369317	15.083114317	10.217756	8.732546
318	9.252731	9.565166318	1.46686	15.48467318	18.054882	16.341873319	15.519203	1.025513319	9.836967	8.560353320	9.844082	10.091217320	8.296254	18.610348321	15.77979	2.512888322	9.65371	1.62757322	9.932274	10.325944323	8.918207	0.87568323	1.227572	8.32913
324	9.868621	9.691168325	9.855335	9.893609325	2.103723	18.588966325	10.701431	19.038443326	1.820573	2.423946326	7.768463	14.135431327	9.336315	11.416527328	8.98346	10.016058329	8.63598	10.071197330	9.798815	10.064302331	18.58161	1.032533331	17.3939	19.032085
332	10.280651	8.678213333	10.203308	9.557999333	1.165426	19.272636334	10.957988	2.482451334	1.775327	2.037838334	2.577269	18.912861335	9.477956	8.085328335	18.704895	13.375747336	9.9102	8.359399336	18.243048	15.52633
337	8.766652	9.708107338	17.798494	0.886978338	4.448948	15.0429339	9.456902	8.762657340	9.762651	8.892469341	11.447203	10.039436341	5.290919	19.023186342	9.435681	10.204056342	2.39416	12.943542343	10.081696	9.557274344	17.988457	4.667976344	17.792671	18.476295345	1.848838	1.286242345	7.559228	0.966631345	2.420263	7.190855346	1.383525	6.330513346	10.260283	10.212995347	8.387624	8.775774348	15.000484	1.609966348	10.890715	9.910673349	3.070858	17.84923
350	9.409801	9.442198351	19.29505	11.282363351	3.164053	12.314901352	19.0979	3.193151352	10.124145	9.572713353	9.607394	10.450732354	10.300283	10.13578
355	9.916445	9.520192356	9.577306	10.294439357	10.031974	10.37464357	0.61138	19.29266358	1.526327	7.183081358	9.893103	9.455997359	16.599686	6.691896359	9.849367	11.523375360	9.723749	10.202613361	18.610941	1.953658361	10.221453	8.466171362	9.270262	9.56505363	18.823732	6.600354363	8.925141	10.084034364	9.343234	9.308858365	10.505149	9.561281365	18.346586	18.684179366	8.806381	8.081416367	1.13607	2.609988367	10.980072	8.7603368	9.713557	10.026188369	9.46409	9.445495370	10.039796	9.349119371	1.710639	2.462414

372	9.476614	9.585896373	9.964834	9.650571374	0.928258	9.267878374	8.519028	9.966376374	4.682805	17.320681375	10.47841	9.319503376	9.77772	8.750346377	12.036045	0.919909377	10.371995	7.329162378	9.08844	8.900935379	9.823706	9.03739380	9.679473	9.386816380	17.306442	13.994257381	10.507337	18.806234382	9.301021	9.540286383	10.756041	10.494173383	7.966854	19.107203384	1.209783	6.743418384	18.181343	6.660863
385	10.044415	9.449246386	9.555737	8.986306387	9.428245	9.229541388	9.941477	9.499498389	9.26583	10.063245390	3.01004	18.533068
391	19.273901	7.350057391	18.44302	14.49067392	10.698165	0.702282392	9.449406	9.399263392	0.864415	19.482155393	9.713704	9.767738394	14.993032	1.497324394	5.156051	18.697792394	10.883503	18.349566395	9.379906	9.248186396	1.625706	2.211212396	18.932793	9.503628396	6.399892	17.558458397	8.325739	9.311773398	18.39189	5.276205399	1.229672	15.727659400	14.969301	1.348621400	9.681918	9.581719401	0.749626	2.153246401	8.491318	8.947985402	10.359173	10.647189403	10.143218	9.66905403	18.375185	18.158888404	8.074405	10.126075405	10.147089	9.499735405	1.961168	14.223992406	8.658128	10.270488407	13.462466	7.10392407	9.213886	10.044703408	9.000778	9.397243409	7.926557	9.989797409	16.43927	18.139524410	9.245997	9.667754411	8.737878	8.879626411	8.648503	18.6026412	9.564049	10.525615413	8.670602	9.572435414	12.53445	0.98457414	16.750551	18.250301
415	9.280908	9.99754415	6.680022	15.657558416	9.900822	8.462996417	8.974349	9.873363418	19.071939	7.678901418	8.362219	9.612185419	19.228828	9.507606419	10.517409	10.150184420	9.75671	10.363066420	7.379007	17.916826420	14.048693	18.951006421	1.540412	9.589824422	8.43228	10.148012422	3.500004	15.639913423	10.440441	8.637487423	11.575345	17.719061424	9.813013	10.340326425	9.184441	10.149775426	9.796703	9.385746427	9.250512	8.939483428	7.551229	1.938432428	2.813245	9.915532428	8.63903	9.394576429	9.974337	8.8341430	9.823712	8.643957430	9.474886	12.301409431	14.213303	13.302848432	3.097644	1.054451432	1.392339	16.075375
433	18.73604	3.753736
434	7.512009	8.940399434	18.975309	8.50421
435	8.667512	9.253374436	15.975346	2.590264436	14.92933	11.57739
437	10.510777	8.991376437	3.340121	17.575325438	11.032934	9.980734439	0.879725	7.985381439	4.512614	18.818073440	1.951715	5.792186441	10.361897	9.177195441	2.487658	11.120375442	17.759516	1.533397442	10.280783	9.303305443	9.507367	9.65278444	7.665528	18.135494444	14.360283	18.60379445	10.144871	10.456982446	16.80282	1.250405446	2.027266	5.864677446	10.338281	9.550056447	9.067547	10.451056447	14.693358	12.323304447	14.053621	17.829206448	9.401569	9.655235449	8.788222	9.222772450	8.58602	9.049264450	10.974632	18.742552451	9.394512	9.547964452	9.815213	10.21136452	15.42235	12.600511453	9.483199	9.410833454	10.107975	9.231493455	18.731861	7.880633455	9.396805	9.764459
456	9.947342	9.232931457	9.716827	8.788004458	4.990894	1.037225458	0.809781	3.183324458	11.397953	10.119413459	9.302802	8.951002459	4.499285	12.557742459	0.91514	16.640154460	9.763422	8.868065460	19.195843	10.548567461	5.469783	0.987619461	2.797608	9.710952461	19.234135	14.332852462	9.30647	8.974318463	9.652041	8.809748464	0.740265	2.751054464	18.743618	7.157707464	9.343769	9.09552465	9.637938	8.963766466	9.431211	9.673112467	10.058618	3.409981467	18.333094	8.591722467	9.363408	9.751209468	9.02569	9.503627468	12.190128	9.065759468	11.007645	15.787317469	8.874911	10.502125469	18.480276	15.345932469	15.045011	19.2939470	11.980894	8.008273470	18.548531	7.527864470	2.588192	10.347908471	9.442319	8.965811472	8.392155	9.93472473	7.572927	1.42921473	2.840728	17.782904474	9.283201	8.728108475	9.003995	9.635767476	13.65792	1.409733476	2.72451	8.117589476	8.51209	10.682005477	10.240437	9.67623478	12.54108	1.055883478	17.784348	8.323668478	11.418691	9.967546479	12.262422	0.772783479	12.280933	11.466512480	18.063225	9.616938480	10.749146	18.48241
481	9.540297	9.380851481	2.232453	17.335659482	9.375088	10.040078483	9.404789	9.439015484	9.230634	9.779872485	9.293111	10.287089485	0.695333	11.398734486	9.03849	9.747735486	3.240388	18.317533
487	9.21649	9.798281488	12.090971	10.208374488	17.769556	15.256757489	9.601447	9.328921490	9.336432	9.477243490	17.99152	12.164321491	8.776361	2.969285491	18.995913	10.759247491	4.502996	19.235901492	7.528073	2.672219492	16.530588	3.160075492	0.833541	10.266312493	7.129103	1.041134493	1.233853	7.576704494	10.375546	10.217654494	16.573704	14.733424495	9.300053	9.193969496	8.526472	4.295236496	2.069073	4.980293
497	9.498497	10.447803498	17.55648	1.724237498	18.522655	7.358213
499	9.684079	8.368442500	8.970407	9.34572500	11.999053	18.978426501	9.55391	8.422389502	9.846836	9.475915502	1.019399	19.38611503	9.892378	8.466538503	18.034281	10.792597503	6.564233	19.244751504	1.371062	14.122109504	12.138453	18.48361505	10.539083	8.874179506	5.780221	0.939459506	9.492361	8.951683
507	9.804189	9.911398508	9.453259	10.163743508	1.4669	11.864754509	18.113415	16.751854509	15.888585	17.446499510	10.335717	8.769655511	8.76455	10.390389512	17.245338	1.639274512	9.437533	9.317462512	19.119453	18.918369513	8.70353	9.535613513	1.922666	18.236847514	10.913567	9.376908515	9.217927	10.507919515	4.676811	18.244862516	9.328493	9.653757517	10.179801	10.6012518	18.448311	2.139873518	14.367077	18.766443519	13.461244	1.619869519	8.963697	10.536195520	9.860172	10.019972521	18.344646	10.967001521	1.623518	16.510777521	18.220995	17.439106522	10.402077	9.39292523	11.039398	10.795165524	9.38258	8.411464525	9.789203	10.028056526	3.604101	0.620592526	8.980686	9.972839527	8.565926	8.865848527	15.684567	16.60125528	12.605642	1.60262528	9.53327	8.969968529	9.778502	8.813772530	9.95615	10.189253531	12.799081	0.765531531	9.172941	9.251836
532	0.645852	4.418246532	1.459002	17.406815533	9.618269	8.56461533	8.499414	19.161228534	8.796935	10.654155535	9.561845	9.790234536	9.211736	8.878304537	10.931572	10.170761538	18.050289	9.300149
539	9.740202	10.202568539	18.373035	11.536398539	9.357037	18.632437540	17.549879	12.036128540	11.904982	15.690074540	2.089223	17.505175541	13.106959	13.505787541	8.831117	19.124449542	7.784372	17.66177

543	9.974515	8.891287543	1.038496	13.108163544	12.085093	1.07232544	9.581894	9.095001545	9.726146	10.08389546	8.61086	10.113569547	9.818053	9.174736547	15.414522	18.160934548	8.922744	9.062844549	16.910074	6.8806549	10.104136	8.607052549	9.094331	18.168301550	9.844352	10.213679551	10.157294	8.737021552	18.776951	2.8923552	9.956665	9.41962553	9.473992	8.527677553	15.526185	18.548172554	10.071671	10.32166
555	8.098547	1.698175555	10.898175	19.273632
556	18.946733	8.134253556	9.356324	9.228044557	10.000416	9.591562558	8.854152	9.491755559	9.171194	9.557848560	9.566087	9.623511561	9.420512	8.504324562	9.611298	4.851259562	13.565574	18.281769563	10.000917	10.273109564	3.099893	1.257547
565	9.872759	9.351959566	9.326937	8.465848567	9.352983	9.78321568	17.524628	0.752966568	9.595775	9.157612569	10.077645	8.492306569	8.848508	15.882969570	8.709738	9.254361571	14.618617	1.952484571	19.333538	6.564557572	9.718706	8.913847573	19.083065	8.915083573	9.458753	9.312404574	9.869032	8.717893575	0.874275	8.324345575	8.919972	10.714848576	3.729277	5.129119576	4.17559	19.00071577	9.974765	9.761166578	5.54388	2.676892578	9.901578	9.700822579	9.511056	9.240669580	9.598258	10.57685580	7.16188	19.072693581	19.248358	8.347049582	4.806077	17.336361
583	10.432402	9.670927584	1.505748	16.277277
585	2.231998	16.861803585	8.870487	17.614088586	1.085822	5.787396586	1.522058	17.235847
587	9.240658	8.496527588	10.478746	10.027911
589	9.253161	9.597935589	14.867379	18.795179590	9.165525	8.982143590	18.596237	15.742233590	2.078506	18.187376591	3.160585	1.208362591	9.655932	9.267711592	9.428797	9.574413593	9.00209	8.915709594	9.755171	9.377013594	17.748466	19.176899595	7.723618	10.568497596	9.60677	2.375175
597	8.762081	9.594739597	4.718098	16.741825598	14.498435	5.225648599	5.94647	1.651884599	13.292335	17.212851599	18.284985	18.408596600	9.894733	9.230877601	9.256241	14.783949601	5.533161	19.277315602	2.115365	6.675847
603	1.097651	7.947037603	8.598441	8.372288604	9.814935	9.762847605	9.634288	8.51345605	19.366951	15.629254606	9.671734	9.26665607	9.475412	8.724669608	1.016331	1.582572608	1.838537	7.281436608	4.677519	18.964483609	8.185248	1.903554609	18.387825	3.540617609	9.472546	8.643004610	9.270364	8.773583611	1.338142	7.226662611	11.258818	9.327487612	9.401843	9.727962613	9.11607	17.944363613	14.608726	18.512648
614	9.944685	8.681949615	2.66607	3.799434615	10.014176	9.978292616	18.605112	4.641814616	0.704146	15.500817
617	5.276391	2.479211617	8.531843	9.48268617	15.592177	14.129373618	8.79586	9.704841619	10.427912	10.261827620	8.822873	8.546115620	18.971476	12.881251621	9.355806	9.965841622	8.313305	0.715085622	8.526142	8.630266623	14.802671	2.622859623	10.338764	6.909158624	10.116798	9.29293625	9.425051	10.550082626	1.185052	2.268575626	8.342738	16.69936
627	18.306171	7.847415627	9.037121	9.142815628	10.079031	9.572491629	9.77689	9.471378630	9.629706	10.148485631	9.197147	10.558407632	2.866776	1.285579632	9.09167	9.469097632	1.591667	15.765408633	10.49859	9.327301634	9.626478	8.866816635	8.671283	5.532212635	7.67738	9.508776636	8.477026	9.622006637	8.70708	10.466148637	10.291936	18.440355638	9.123318	9.313869639	9.273943	9.596283639	16.81448	10.686487640	18.203403	4.894484640	0.756875	8.167348641	8.927534	9.724504642	10.704536	1.711673642	1.666341	1.554692642	10.543205	8.65077643	8.333583	8.368147644	2.797487	3.114488644	11.263863	10.038336645	17.122292	0.655916645	0.797051	2.647277
646	7.811462	1.126521646	9.271038	9.370092646	1.744844	18.685242647	8.439348	9.137584648	8.738927	11.395643649	1.439866	2.131476649	10.132074	9.571405649	1.193198	13.509662650	19.174463	5.571826650	9.19351	9.672835650	1.663658	11.487987651	6.263967	1.095363651	9.175099	10.17863652	9.229628	8.75344653	8.96674	8.977901654	1.292458	0.528714654	8.267436	8.646846655	8.567209	9.098337656	9.752276	8.567308657	9.617753	9.574796658	9.76392	8.262614659	2.964587	1.566868659	19.056858	12.899669
660	9.405822	8.699764661	9.183228	8.464502661	10.175331	17.37314662	19.049065	5.12013662	1.001561	6.799311663	14.66366	9.453518663	9.90747	18.511471664	9.340556	9.08028665	8.548973	8.936137666	10.085918	10.867567667	18.636959	1.349843667	9.672385	9.601265668	9.914693	9.27409669	0.621354	4.057554669	8.657448	10.248523670	10.781141	9.326422671	2.245255	1.723957671	10.130578	9.975062671	14.271877	16.945812672	9.106632	9.982289673	9.726445	10.623958673	3.857677	17.227051674	8.894474	9.04562675	1.30138	7.950486675	10.232086	9.464447676	9.518132	9.963837676	12.919546	9.136492677	2.732466	1.069907677	10.015952	9.297991678	16.472795	5.758964678	8.174395	9.85473679	9.508471	9.214441680	8.54982	9.332285681	0.728889	0.659968681	4.08734	6.256663682	9.097238	8.627961682	17.912157	18.907055683	9.632725	9.802852683	1.055256	16.523325684	8.663074	9.114876685	8.482923	8.724011686	6.853076	0.676751686	8.930653	8.452299687	2.056901	1.95365687	1.913941	8.947948
688	18.963453	2.954893688	8.311838	8.856278689	10.059771	9.390338690	9.780555	9.865542691	8.871647	9.120921691	19.285383	15.685429692	8.950411	8.623544693	13.150214	2.372477693	18.106216	6.710652694	1.91166	2.299623694	12.72501	12.64253695	17.576086	3.655928695	10.101741	9.446239696	19.336266	0.689315696	13.949341	2.618958
697	17.122183	3.075078697	8.834766	7.970003698	9.694282	9.649006698	15.358378	15.115705699	6.251865	1.276836699	9.640954	9.392996700	5.32365	2.460155700	8.035322	9.512657701	8.581208	8.794438701	15.372461	18.789845702	17.020294	0.694534702	2.852768	6.572712702	17.749519	12.413508703	9.754807	8.413904704	10.125976	10.16739705	10.438396	9.984311706	9.744614	10.270769707	17.017427	0.755607707	8.973846	8.639724708	5.029031	1.304183708	8.594492	9.719295708	19.036495	14.001015709	9.512099	9.776992710	10.321742	10.318246711	9.991478	9.63559712	16.693081	11.858989
713	8.716743	9.908665714	0.859867	3.266464714	9.486722	8.809296715	8.989955	9.627688716	8.533678	7.817524716	18.665443	10.769394717	9.813322	9.702326718	1.257093	9.809888718	19.120207	11.285626718	13.755526	16.694323719	8.664135	1.913537719	9.593548	10.610723720	9.730021	11.184335721	1.506847	7.282296721	18.996645	9.15594722	0.663271	2.494542722	9.291515	8.161183723	8.744213	10.121511724	15.520853	1.743887724	8.313082	9.945499
725	5.611526	1.803649725	9.602713	8.826328725	8.673181	18.108614726	7.748172	10.753851726	19.268152	10.936748727	9.645816	9.771438728	10.289187	7.570051729	9.377044	9.251298729	0.80544	13.508151730	10.028753	9.501045731	10.563622	9.671551732	10.447222	10.237131733	10.82568	1.601855733	19.027828	1.364224734	9.560782	8.763739735	10.17879	9.238622736	9.522036	9.722934737	9.186636	9.619707738	16.522175	7.276731738	9.963884	9.589086738	8.33293	19.107222739	13.580409	0.688387739	9.711883	9.420862740	8.716428	10.057522740	0.796633	13.521844741	10.033631	8.772731742	8.271034	9.653968743	16.383095	1.531759743	2.651625	5.8518743	10.334631	13.991154744	9.275294	9.450707745	2.924609	5.18873

746	9.490758	10.22828746	3.435172	19.299553747	12.468665	0.988332747	10.907813	5.723493748	17.791389	12.215364749	8.5459	8.63149750	4.162845	0.893027750	8.64505	8.999284751	9.646175	9.841822751	19.178209	15.131276752	18.75602	3.867441
753	16.36755	0.821322753	4.473384	2.383299
754	10.323296	10.421312755	9.57272	7.813165756	10.408198	9.271916757	7.046679	2.274137757	9.275459	9.021415757	18.546635	18.90057758	10.373596	8.934823759	8.993448	9.363191759	11.220694	19.247282760	8.899075	7.84366761	8.906576	10.230018762	9.05583	9.481316763	9.491373	9.206746764	9.596387	8.865825764	8.657431	17.76585765	15.427788	5.049084765	9.146559	9.186659765	1.809819	12.584083766	4.420572	0.93826766	9.12861	8.496539767	3.386373	8.21312767	9.632518	10.685721768	8.999975	9.195334
769	19.144417	2.96755769	3.855085	17.146173770	0.983344	1.698578770	8.884469	9.69519771	7.918571	8.804552772	9.090036	10.15259772	15.11797	17.540037773	10.225106	8.291202774	9.23831	9.243206774	17.377789	17.634136775	9.61048	10.916466776	9.970175	9.351134777	9.155181	9.123455777	5.219594	18.762962778	10.143308	9.51089778	4.388902	15.315613779	16.907673	6.899256779	9.901682	8.308735780	9.392385	9.650661781	8.991744	9.386039782	18.232056	10.821486
783	1.915689	12.506179783	10.326793	11.251156784	1.280876	4.848556784	12.159307	9.483015784	2.226616	17.745012785	8.938233	8.711452786	2.185186	3.232566786	15.03209	11.944669787	10.375981	8.429086788	9.236438	8.660654788	2.117118	16.534401789	8.668967	9.460919790	1.654829	13.627623790	14.78801	19.107115791	7.432606	6.932208791	1.39837	8.472253791	3.291143	13.863937792	9.905867	1.573535792	10.076115	9.966058793	8.378189	9.338237793	14.695515	11.275309794	9.188338	9.209973794	1.260271	17.497746795	10.166169	9.630653796	7.778251	9.927962797	10.34671	9.965141797	17.094456	9.610663797	18.903605	15.104484798	9.115248	9.982584799	1.418281	0.940305799	9.418677	10.592285800	8.474865	8.868723801	1.430296	8.284562801	9.331668	8.949306802	10.274128	9.181476802	3.922112	17.406273803	8.870499	10.501979803	18.053848	10.169423804	10.054622	10.162872805	17.933849	7.025622805	11.558228	8.343203806	16.080662	1.436696807	17.466534	5.356798807	8.614668	8.737752808	10.306561	9.975406809	9.124404	9.520157809	17.337038	11.587083810	0.997387	9.005178810	10.39553	15.224305811	9.605237	10.23706812	9.778067	8.951748812	17.798695	17.602295813	0.837341	3.128727813	9.682783	9.389412814	16.171753	5.239325814	7.415948	18.552681815	8.611872	8.091947815	1.477494	13.598844
816	10.486057	8.53528816	17.714539	19.255665817	9.372753	9.091928818	9.498384	9.76806818	11.304726	18.880457819	9.576094	9.218773820	9.760886	9.75051821	9.35716	9.780694822	4.962327	0.68041822	8.875255	9.571714823	10.27667	10.045032824	9.889791	8.483314825	9.74206	9.070053826	1.550783	17.313742826	7.295748	18.516621827	6.347699	1.063453827	0.5	15.192789827	5.345816	18.579803828	2.398029	7.828037828	10.035138	10.393907828	18.380337	18.035942829	17.063257	14.014777
830	9.404439	9.476324831	9.967601	8.486132832	8.583739	10.584085
833	10.908902	9.170568833	18.597143	17.918152834	10.085824	7.963642835	9.300151	10.30567835	11.304866	17.513203836	10.676745	7.986572837	9.62482	9.361459838	7.558157	1.515988838	5.93759	5.884007838	10.332741	10.614888839	10.557104	8.464233840	9.405752	9.182437840	7.563915	19.13365841	9.480747	8.426316842	9.603384	1.377648842	9.544788	9.356177843	9.700661	10.140299844	10.281374	9.717433844	18.70286	12.563672845	9.600011	10.110503846	9.717669	9.849616846	12.004365	16.645731847	10.184655	0.882024847	9.794744	9.403087847	19.041061	15.283591848	10.080792	9.488568849	8.218492	0.795425850	15.671083	0.770606850	10.456515	8.785519851	8.804853	1.117025851	18.381201	1.558076851	11.40025	9.521741852	8.49895	10.357975853	9.557636	10.402157854	8.683172	10.238343855	19.112337	7.416746855	1.609272	12.046813855	5.076241	18.312344856	9.531831	9.819963857	10.101088	0.821525857	1.57746	15.732126858	10.710489	9.297008859	9.159024	10.119145860	9.586541	10.058805860	19.263048	13.408991861	17.286013	0.954958861	9.615485	9.639402862	9.043553	9.064272862	17.023197	18.019709863	10.652422	17.844189863	4.831779	18.662256
864	9.37318	10.040225864	4.856651	11.405849865	9.208383	9.917124866	13.391356	0.923263866	9.530069	9.110288867	9.029631	1.149359867	1.673882	14.872022868	5.475878	0.801138868	9.171257	9.259903869	13.198627	1.537433869	18.449251	1.84222869	1.577994	7.906803870	9.471287	8.38727871	11.533459	8.384516871	1.816854	13.346314872	9.03096	2.452096872	10.135528	9.687537873	9.428146	9.358188873	1.577663	16.373888873	13.384251	19.013096874	9.697836	10.188914875	11.38544	8.991886875	18.045866	16.291105876	5.885574	2.704317876	10.314514	10.333272877	10.040916	10.249287878	9.487101	8.849008879	2.068065	1.594239879	9.321266	9.723068880	1.054982	2.66353880	16.26255	17.20878
881	3.719855	19.053257881	11.940787	19.196169882	1.405215	3.352375882	9.802714	9.757813883	9.870236	9.505383884	5.443899	1.267846884	9.485598	8.851545885	9.958091	10.173627886	1.988641	4.881285886	7.358798	19.405222
887	15.527514	2.290036887	14.303452	7.683784
888	8.510767	8.409672888	16.671133	17.758608889	9.418771	9.556572890	9.505912	9.909393891	11.321858	8.588086
892	14.693454	1.597808892	10.471192	9.493247892	12.250757	15.790641893	3.431838	9.780234893	7.7831	9.263754894	17.923878	5.083244894	15.740741	14.232904895	8.668193	9.350828896	11.025738	9.519531897	17.367638	2.639373897	1.899933	10.585139897	18.815029	17.362986898	8.434583	8.516733899	2.608567	2.506212899	2.428006	12.563144900	9.831157	8.993902901	2.333384	1.672196901	9.815363	10.003883901	0.934859	19.435722902	1.514009	6.517227902	9.444583	11.062667903	10.112637	9.727582904	10.245591	8.843673905	9.567359	9.51817905	19.275974	13.274194906	9.13741	9.628081
907	10.463308	8.660225907	6.483629	12.404793908	10.933954	1.375529908	18.767841	16.843819909	9.411519	9.612925909	0.52523	9.49171909	8.397944	19.235609910	9.662852	9.637815911	9.809237	9.660972912	9.921013	9.339133913	1.180951	9.76461913	10.33587	10.426467914	19.045954	12.593255914	9.654515	19.046848915	6.7844	1.44757915	9.870073	10.263278916	9.007631	9.599182916	9.49951	18.711691917	9.284705	10.196198918	9.196668	10.082118919	4.771966	0.586843919	10.586546	10.553235920	10.426007	9.45393920	0.941082	18.873974921	9.567812	9.118535922	9.210008	10.095183923	9.880679	2.415044923	9.780789	8.637215924	9.095171	9.306329925	10.161851	8.47061926	10.263713	8.859041926	7.664985	19.295609927	1.776525	8.320305927	8.948384	9.551532928	10.225351	2.09945928	0.866864	2.397359928	9.602667	9.368221929	8.74427	9.828156929	17.057823	19.039808
930	9.460722	9.457026931	8.62334	9.611359931	18.443874	13.592317932	10.503007	8.982985933	8.150998	1.135031933	9.891272	9.388891934	11.373485	7.857416935	9.086838	10.25637936	9.167786	9.623882937	9.12238	10.218791937	19.423141	14.979136938	4.712633	4.039198938	0.758435	11.404449938	15.565695	18.69915939	8.029699	9.667426939	17.608183	14.136454940	18.680153	5.352091940	9.078751	9.266045941	10.153382	8.457608942	9.040686	9.77617942	17.9181	18.243153943	9.459464	9.318683944	1.009564	4.713886944	7.981472	7.439808
945	9.629722	9.574883945	12.610406	18.948042946	2.229973	6.833746946	9.323039	9.7057947	7.825762	9.487667947	5.96914	19.208723948	7.710716	1.208881948	19.486851	15.674602
949	18.731396	3.460433949	17.797871	13.664497950	11.205885	9.461111951	19.408548	0.842436951	13.301172	12.838713951	8.754342	17.385199952	7.323871	0.963354952	18.111223	13.528238952	8.809121	16.575966953	8.249681	8.689769954	2.52504	4.154381

955	9.187345	10.287746956	1.842683	6.402576956	9.404004	9.02502957	9.680249	9.22915957	17.365557	19.280245958	9.739497	9.459962958	19.284998	15.851173959	1.817448	3.462524959	18.278257	17.73461
960	9.605371	10.197879961	10.283134	9.645106962	8.562403	8.680449962	1.732226	16.506054963	8.041729	8.362998
964	19.05382	7.240732964	14.387572	13.535171965	9.398171	11.489259
966	8.865849	9.814314
967	7.41035	1.89053967	18.394739	2.68645967	15.286501	19.058798968	18.515631	12.634665968	1.074036	13.590673969	9.03364	9.610334970	9.905808	9.495914971	9.841705	9.012278972	7.793747	10.511088
973	15.222161	17.728065974	9.117324	9.591403974	12.020541	19.178759975	9.290729	10.137842976	9.630316	10.034107977	8.323103	8.771224978	8.344638	0.893995978	9.746054	8.951689979	9.878307	9.481143980	10.007447	9.006229981	1.361285	9.317179981	7.56921	18.148012
982	5.094965	1.078669982	19.370392	6.817669983	7.752611	9.14271984	9.367867	9.61326985	9.699101	9.660867986	8.383607	9.315855987	9.033267	8.929968988	9.319736	11.084465989	8.020623	1.058404989	8.877678	7.876066989	3.69276	18.09775990	10.318851	10.44643991	9.091796	9.833323992	9.793968	8.882025992	9.731703	11.12873993	9.095991	9.871242993	18.980801	13.025142994	19.273184	1.603606994	7.922595	9.354909995	10.094929	9.599987996	10.411702	9.941472997	8.419353	9.719264997	14.212931	19.183723998	1.672034	4.290822998	9.465717	10.127377999	9.547603	9.5730850	9.459442	10.4414071	6.178865	0.8884321	9.432446	11.0111512	18.649639	5.4974392	10.513594	8.5098693	10.087784	9.634014	2.866505	1.0178064	10.410214	2.4827254	15.64939	12.7787475	18.326372	5.5170715	9.952223	10.1020436	3.115601	1.9160756	9.321301	8.439777	7.511832	1.3296027	9.709758	9.2234087	1.822175	9.1551558	8.425932	11.1402898	15.520823	13.3273399	9.796021	8.5076479	1.210024	17.610523
10	9.526225	9.16859511	0.96472	4.96670811	1.509285	14.24551112	10.923126	9.59236212	9.50838	17.1588113	16.552656	15.223313	11.166731	18.08842514	1.243368	15.69768314	12.621649	17.23306115	0.906526	0.88980815	10.459844	10.01801316	7.352608	0.99094916	10.923911	9.36867717	9.186119	9.41819417	10.945803	19.05897918	8.996232	9.50747419	14.397561	0.67511219	9.160132	8.91513220	1.553678	11.03036920	8.902965	11.01676921	9.351404	9.78635222	8.941104	8.94309323	9.873786	9.47530924	5.166067	5.04222224	9.14993	9.76244125	10.99886	1.80397825	19.252905	6.37586525	9.012851	17.17370226	1.33996	2.24056326	9.449103	9.29383227	15.080899	0.99087527	1.995639	3.59626228	17.704149	0.83296328	9.285302	8.8350729	10.414422	9.46898530	7.267337	1.53008330	9.701446	8.75336431	8.186816	11.40733131	18.723042	11.75821832	9.482799	8.82443332	9.226712	18.37962933	1.607232	3.23672833	12.903502	4.13123933	9.229923	9.65997834	17.957636	7.14249834	9.967846	9.10041635	18.775156	2.38907635	9.347635	9.39039836	9.583323	10.20072437	3.167483	3.63982837	18.965237	15.87002238	9.178132	9.47809939	2.998209	1.0381239	9.517597	9.03661840	13.011595	4.71242140	2.650681	18.37379541	17.38508	1.57903941	10.456532	9.52259142	10.190391	10.16306143	9.706286	9.60218744	17.312624	2.058602
45	2.576279	0.88297945	1.390512	5.48369445	9.966009	9.86794346	4.952422	11.5620846	18.974615	14.302225
47	9.308177	9.89620348	9.972282	10.24881649	0.795927	5.05394949	8.973253	9.39184250	9.593087	1.48153850	5.938026	9.76120650	10.0768	9.15194751	15.60112	11.62354751	8.983326	17.90043652	18.795004	7.42067452	9.468261	9.90189153	8.90869	9.6773554	9.777748	9.40995255	0.626003	8.53567755	9.991617	11.42413356	19.20672	6.53538356	6.480949	15.42107456	3.389197	19.19398957	1.527192	6.71239557	15.674054	15.15428758	9.585963	9.64370859	10.366319	8.73035859	3.986667	19.19776960	9.454974	9.64922361	15.955969	1.17599561	18.105806	16.89604261	2.047844	18.0894262	10.278371	8.69372662	2.205226	19.16983263	8.512071	9.30699963	11.006976	16.43898264	10.269955	9.63426165	10.783277	8.7378566	7.553229	15.31394267	18.283279	4.24454267	9.206782	9.20235368	9.261217	9.96445469	9.406218	9.73302669	0.938185	13.35170470	18.146742	1.11546570	1.079485	4.64326570	9.83309	9.17171771	8.043304	1.91431671	17.682405	1.37091971	0.931245	6.33322472	9.54516	10.80012873	10.967909	8.61061473	14.652049	13.65677973	18.502907	17.9169674	9.305083	8.90749575	1.337044	2.916359
76	1.901051	6.95093976	9.335681	9.27635977	17.949911	6.29444777	9.967256	9.63684777	8.293096	18.7161578	2.544358	6.98796278	7.88955	7.46819478	5.068233	14.9436279	9.199781	9.27238480	8.807105	9.46098881	8.838303	0.69467681	1.581417	1.41263781	7.852599	9.63476882	9.299167	10.18659183	4.068911	6.67354483	6.820767	18.23618784	1.355787	9.57030584	9.891324	9.03818885	9.177672	10.28200286	19.284737	12.01402286	1.075698	16.3843587	0.927395	8.17631187	9.395192	8.492425
88	8.602427	8.97100189	11.81198	0.65148989	18.651825	3.02379289	9.139107	9.47529790	2.565659	8.52406590	9.64675	10.38572491	17.940327	0.87293991	8.579276	10.29445391	1.972065	18.40064892	18.588684	4.25159392	9.721299	10.20355893	9.600577	10.07290293	19.250427	11.53692294	8.297038	8.26232195	0.869105	9.85644195	10.372996	9.65884396	12.296394	1.52364196	1.236536	2.758915
97	8.744818	7.4857498	9.140512	9.19987199	9.790033	9.841683100	17.581907	1.57214100	8.892923	9.522122101	5.474645	5.638502101	9.667033	9.670421102	8.707715	9.491652103	9.6754	8.914133104	18.332411	1.130473104	18.444584	8.632499104	6.126364	19.330257105	10.663482	1.775599105	9.591244	9.762447106	8.948803	9.918242106	3.583196	18.431753107	10.31066	8.83435108	17.949291	2.679879108	8.305656	10.012583109	1.735265	0.67357109	17.813246	7.266231109	1.40384	14.2755110	18.907722	10.1399110	6.394779	18.713528111	2.212186	6.741039111	9.311221	8.616994112	9.602206	8.792469113	11.230451	9.43989113	18.844948	12.599273114	9.000822	1.89126114	9.92406	10.734014115	19.07559	2.053392115	9.713353	9.226091116	10.141855	9.439944116	2.044088	17.709642117	10.021103	9.192579118	17.594156	6.127449118	8.949404	10.280825119	1.780653	1.787661119	8.901978	10.229988119	18.298941	17.432915120	7.746395	6.73255120	18.729168	11.732866121	9.176254	1.095456121	9.648947	10.487485122	8.401456	8.78084123	1.86239	9.300782123	9.795486	9.614156123	10.337716	16.541189124	9.47562	10.448178124	19.286991	19.5125	9.640585	9.749519126	16.785408	0.832626126	9.205236	9.976186127	9.322688	9.71765128	10.259492	10.745754128	18.260889	12.127562128	12.801006	16.833607129	18.420557	1.874087129	8.51901	2.343773129	15.26185	15.947931130	5.958284	18.346167
131	10.154407	9.936374132	10.306349	9.129077133	10.800188	10.203449134	17.058256	0.741959134	0.764871	8.08394134	5.062247	17.789177135	0.588467	0.757943135	9.571992	8.322755135	17.698904	18.509991136	11.14019	10.090715137	9.833076	9.342702137	13.40733	17.30513138	12.068731	0.872546138	1.577439	1.770855138	10.504503	7.206462139	1.215181	1.586078

140	10.420095	9.714141140	13.646235	18.224783141	0.865923	14.340452141	19.382421	16.29896142	1.389435	4.469577142	10.025705	10.390411142	16.856014	19.02622143	7.727286	9.664949144	18.874647	6.556904144	2.427197	9.215051144	8.613908	9.665758145	9.541611	9.406087145	6.410256	18.458326146	0.884268	5.956133146	9.746713	8.428291147	9.236341	9.641385147	18.423508	18.430645
148	9.623123	10.015544149	10.556855	8.994827150	13.911994	1.080899150	0.869208	4.016651150	4.922467	18.169737151	9.601622	9.514554151	16.511335	12.931377152	8.512427	9.06978152	18.978458	8.804352153	3.384916	14.429559154	7.293243	10.004935
155	11.043013	8.795147156	6.581797	3.841465156	9.597978	9.442967156	17.485355	10.411028157	14.999941	0.783762157	5.414767	15.312919158	19.186848	0.713821158	9.496228	9.790044158	1.595883	14.191014159	10.036892	10.432311160	9.647616	9.92716161	6.355747	16.752748161	18.50938	17.77919162	16.618317	7.86308162	4.329911	14.919496
163	7.606563	8.520823163	4.865805	17.094727
164	9.413406	9.408868165	5.083649	1.477088165	11.158393	1.891252165	4.324002	17.604334166	16.443146	6.247128166	18.230612	14.56784167	9.622037	9.720598167	0.964859	15.020071168	18.702745	4.242737168	9.718553	10.031289
169	10.689478	9.474439169	15.811572	18.626831170	9.945674	8.476457170	18.507011	15.583811170	4.58122	19.022169171	10.169317	9.626514171	19.10463	17.504221172	0.675691	6.03267172	5.094544	9.380486172	7.506518	18.640276173	16.121267	7.952892173	8.712308	10.47646174	9.353384	9.83203175	18.252684	10.041608175	15.346029	14.895388176	9.377717	8.781355176	19.091476	9.029493177	17.617905	7.392552177	9.415294	9.602132178	10.559682	8.489812179	1.497947	5.218493179	3.805975	15.76794179	12.625153	15.032188180	8.632928	10.578586181	8.046364	9.613098181	1.569709	17.943249182	12.788545	4.200978182	10.299932	9.37056182	18.933739	13.786538183	9.538199	9.783895183	18.140543	10.031338184	13.28614	0.932602184	8.758348	9.472574185	9.606708	9.447963186	9.022189	9.416519187	8.844954	10.361104188	0.95704	1.594742188	8.786296	10.782651189	3.846073	1.259745189	9.560327	10.414665190	1.506162	6.101519

191	14.569776	1.277312191	10.232267	11.958085191	16.228876	14.204407192	9.451555	9.744208193	10.777425	1.820356193	10.178799	9.892367194	19.426647	4.126776194	9.768033	9.152168195	8.520512	8.643348195	16.768574	18.516106195	8.467004	19.003344196	6.327404	3.41719196	18.960182	9.686599197	8.046857	9.384574197	5.538918	15.290671198	9.264691	9.556514199	13.389101	17.764578
200	2.454874	12.12974200	1.749753	17.475777
201	10.208735	8.920259202	9.576124	9.736938203	10.037982	8.654868204	9.39342	8.589235205	0.887888	5.223083205	9.985867	9.500531206	15.019623	1.905537206	7.647779	16.264278
207	10.083794	9.611165208	0.753863	7.002966208	9.330829	8.779155209	0.734075	5.673238209	18.455267	15.236765
210	9.27031	9.524419211	7.727672	1.853372211	8.759239	10.342212	9.335699	9.266026212	15.478065	12.666322213	9.812337	10.186871214	9.580257	9.463257215	2.078243	3.063758
216	9.054331	8.639742217	19.150438	2.057907217	9.815167	10.500963217	2.317855	14.637396218	15.154249	0.931172218	9.557322	9.57009219	9.241586	9.233925220	9.931044	0.732823220	8.55538	12.000134221	9.759466	10.036944222	1.521661	2.574674222	9.551172	8.966096223	8.288735	12.024776224	6.682914	1.716791224	8.575788	9.709344225	8.695759	9.504156225	10.908681	13.412314226	9.259723	9.358426227	5.481989	18.044147228	3.181733	1.083516228	19.17808	11.358694228	12.518697	19.101603229	5.125721	4.781136229	10.233563	9.955124229	18.539349	10.053453230	10.273639	1.614141230	19.106613	17.53643231	8.896604	9.926223232	9.019595	9.479833233	12.881601	1.212586233	9.049267	8.953373234	9.448703	10.023322235	8.982787	8.250016236	8.736782	9.563543237	0.833831	0.947902237	9.356971	9.554101238	9.716068	9.676667239	10.110383	10.659409240	13.325773	3.063528240	8.636159	9.631256241	10.160915	9.496405241	17.603933	19.0217242	12.595992	6.082985242	8.722732	9.94643243	9.434383	9.32788244	9.609349	7.717034244	18.607798	15.653114244	13.193755	19.158922245	8.637746	7.990734246	10.61587	8.893119247	8.96519	9.761468248	6.59731	3.326927248	8.858418	10.052031249	8.860466	9.252295250	10.418405	8.626026251	12.240326	2.383438251	9.944449	9.139601252	9.371447	9.912573253	8.709337	10.276266254	8.574758	10.01242254	11.610131	19.327532255	10.408636	9.788207256	9.256741	10.052631256	17.462793	15.685819257	10.368512	9.154814258	8.952143	9.506044259	9.629488	9.316217260	9.992435	9.541614261	1.047384	9.495347261	9.61109	10.544017262	9.492135	9.280115262	18.797077	14.330182263	11.082605	10.74261264	1.339548	4.508379264	9.631953	9.612598265	9.305197	9.799207266	9.475076	9.296865266	18.940277	19.27799267	10.366376	9.059324267	8.893972	18.531061268	10.102677	9.918151268	10.157695	18.895662269	9.735819	9.949148270	9.520308	7.960794270	8.437113	16.801773271	9.016748	10.472432272	9.622469	9.408752272	18.956392	11.851476273	13.496737	2.197016273	10.05352	9.008267273	18.079758	14.89393274	18.478437	7.462568274	6.936021	18.242931
275	19.045853	7.71259275	7.977617	9.835746275	2.482502	18.225372276	8.912151	7.904799277	18.490763	4.71019

278	8.811357	10.45291278	17.403652	18.580019279	8.840755	8.578625280	9.403759	8.796773281	9.295275	9.333741282	5.970577	0.697189282	9.607906	10.092402282	0.702655	14.85236283	9.341578	9.677761283	15.342292	9.721948284	15.287042	8.089151284	9.287119	8.910851285	8.724951	9.88024285	10.409928	15.574263
286	16.698559	2.360225286	17.756317	12.712524286	12.970395	18.536345287	10.301257	9.230775288	9.562791	9.289001289	8.840094	9.694849289	0.857385	11.145863290	10.239204	9.322335290	0.892114	9.935136291	9.430776	10.783812292	10.092542	8.944579293	2.22414	5.784022293	17.842278	6.949909294	10.022909	9.272306295	18.54735	9.649927295	19.184553	14.782022295	1.004775	17.290558296	9.602963	9.593977296	18.197582	15.681087297	8.928623	5.888155297	11.051774	18.285706
298	0.9606	1.694278298	6.180389	9.013728299	8.48229	8.583191300	0.973343	2.45877300	9.54725	8.654556301	8.949053	8.991325301	8.440495	17.27639302	9.265591	9.071803303	9.485789	9.346649303	6.722543	14.688576304	1.909834	10.991054304	17.65192	15.177781305	9.665959	10.37417306	9.322515	9.404958306	9.626247	19.120466307	10.649849	9.859483308	9.820248	10.14803308	18.220112	18.979239309	8.622269	9.750381310	9.513828	9.43775310	6.401427	19.152954311	9.582253	9.412637312	2.985569	6.371992312	9.501602	8.721349313	7.086337	1.732092313	8.85063	9.998198314	10.183312	10.119171315	7.513418	10.4126315	11.29496	17.620392316	8.520125	9.308908316	1.369317	15.083114317	10.217756	8.732546
318	9.252731	9.565166318	1.46686	15.48467318	18.054882	16.341873319	15.519203	1.025513319	9.836967	8.560353320	9.844082	10.091217320	8.296254	18.610348321	15.77979	2.512888322	9.65371	1.62757322	9.932274	10.325944323	8.918207	0.87568323	1.227572	8.32913
324	9.868621	9.691168325	9.855335	9.893609325	2.103723	18.588966325	10.701431	19.038443326	1.820573	2.423946326	7.768463	14.135431327	9.336315	11.416527328	8.98346	10.016058329	8.63598	10.071197330	9.798815	10.064302331	18.58161	1.032533331	17.3939	19.032085
332	10.280651	8.678213333	10.203308	9.557999333	1.165426	19.272636334	10.957988	2.482451334	1.775327	2.037838334	2.577269	18.912861335	9.477956	8.085328335	18.704895	13.375747336	9.9102	8.359399336	18.243048	15.52633
337	8.766652	9.708107338	17.798494	0.886978338	4.448948	15.0429339	9.456902	8.762657340	9.762651	8.892469341	11.447203	10.039436341	5.290919	19.023186342	9.435681	10.204056342	2.39416	12.943542343	10.081696	9.557274344	17.988457	4.667976344	17.792671	18.476295345	1.848838	1.286242345	7.559228	0.966631345	2.420263	7.190855346	1.383525	6.330513346	10.260283	10.212995347	8.387624	8.775774348	15.000484	1.609966348	10.890715	9.910673349	3.070858	17.84923
350	9.409801	9.442198351	19.29505	11.282363351	3.164053	12.314901352	19.0979	3.193151352	10.124145	9.572713353	9.607394	10.450732354	10.300283	10.13578
355	9.916445	9.520192356	9.577306	10.294439357	10.031974	10.37464357	0.61138	19.29266358	1.526327	7.183081358	9.893103	9.455997359	16.599686	6.691896359	9.849367	11.523375360	9.723749	10.202613361	18.610941	1.953658361	10.221453	8.466171362	9.270262	9.56505363	18.823732	6.600354363	8.925141	10.084034364	9.343234	9.308858365	10.505149	9.561281365	18.346586	18.684179366	8.806381	8.081416367	1.13607	2.609988367	10.980072	8.7603368	9.713557	10.026188369	9.46409	9.445495370	10.039796	9.349119371	1.710639	2.462414

372	9.476614	9.585896373	9.964834	9.650571374	0.928258	9.267878374	8.519028	9.966376374	4.682805	17.320681375	10.47841	9.319503376	9.77772	8.750346377	12.036045	0.919909377	10.371995	7.329162378	9.08844	8.900935379	9.823706	9.03739380	9.679473	9.386816380	17.306442	13.994257381	10.507337	18.806234382	9.301021	9.540286383	10.756041	10.494173383	7.966854	19.107203384	1.209783	6.743418384	18.181343	6.660863
385	10.044415	9.449246386	9.555737	8.986306387	9.428245	9.229541388	9.941477	9.499498389	9.26583	10.063245390	3.01004	18.533068
391	19.273901	7.350057391	18.44302	14.49067392	10.698165	0.702282392	9.449406	9.399263392	0.864415	19.482155393	9.713704	9.767738394	14.993032	1.497324394	5.156051	18.697792394	10.883503	18.349566395	9.379906	9.248186396	1.625706	2.211212396	18.932793	9.503628396	6.399892	17.558458397	8.325739	9.311773398	18.39189	5.276205399	1.229672	15.727659400	14.969301	1.348621400	9.681918	9.581719401	0.749626	2.153246401	8.491318	8.947985402	10.359173	10.647189403	10.143218	9.66905403	18.375185	18.158888404	8.074405	10.126075405	10.147089	9.499735405	1.961168	14.223992406	8.658128	10.270488407	13.462466	7.10392407	9.213886	10.044703408	9.000778	9.397243409	7.926557	9.989797409	16.43927	18.139524410	9.245997	9.667754411	8.737878	8.879626411	8.648503	18.6026412	9.564049	10.525615413	8.670602	9.572435414	12.53445	0.98457414	16.750551	18.250301
415	9.280908	9.99754415	6.680022	15.657558416	9.900822	8.462996417	8.974349	9.873363418	19.071939	7.678901418	8.362219	9.612185419	19.228828	9.507606419	10.517409	10.150184420	9.75671	10.363066420	7.379007	17.916826420	14.048693	18.951006421	1.540412	9.589824422	8.43228	10.148012422	3.500004	15.639913423	10.440441	8.637487423	11.575345	17.719061424	9.813013	10.340326425	9.184441	10.149775426	9.796703	9.385746427	9.250512	8.939483428	7.551229	1.938432428	2.813245	9.915532428	8.63903	9.394576429	9.974337	8.8341430	9.823712	8.643957430	9.474886	12.301409431	14.213303	13.302848432	3.097644	1.054451432	1.392339	16.075375
433	18.73604	3.753736
434	7.512009	8.940399434	18.975309	8.50421
435	8.667512	9.253374436	15.975346	2.590264436	14.92933	11.57739
437	10.510777	8.991376437	3.340121	17.575325438	11.032934	9.980734439	0.879725	7.985381439	4.512614	18.818073440	1.951715	5.792186441	10.361897	9.177195441	2.487658	11.120375442	17.759516	1.533397442	10.280783	9.303305443	9.507367	9.65278444	7.665528	18.135494444	14.360283	18.60379445	10.144871	10.456982446	16.80282	1.250405446	2.027266	5.864677446	10.338281	9.550056447	9.067547	10.451056447	14.693358	12.323304447	14.053621	17.829206448	9.401569	9.655235449	8.788222	9.222772450	8.58602	9.049264450	10.974632	18.742552451	9.394512	9.547964452	9.815213	10.21136452	15.42235	12.600511453	9.483199	9.410833454	10.107975	9.231493455	18.731861	7.880633455	9.396805	9.764459
456	9.947342	9.232931457	9.716827	8.788004458	4.990894	1.037225458	0.809781	3.183324458	11.397953	10.119413459	9.302802	8.951002459	4.499285	12.557742459	0.91514	16.640154460	9.763422	8.868065460	19.195843	10.548567461	5.469783	0.987619461	2.797608	9.710952461	19.234135	14.332852462	9.30647	8.974318463	9.652041	8.809748464	0.740265	2.751054464	18.743618	7.157707464	9.343769	9.09552465	9.637938	8.963766466	9.431211	9.673112467	10.058618	3.409981467	18.333094	8.591722467	9.363408	9.751209468	9.02569	9.503627468	12.190128	9.065759468	11.007645	15.787317469	8.874911	10.502125469	18.480276	15.345932469	15.045011	19.2939470	11.980894	8.008273470	18.548531	7.527864470	2.588192	10.347908471	9.442319	8.965811472	8.392155	9.93472473	7.572927	1.42921473	2.840728	17.782904474	9.283201	8.728108475	9.003995	9.635767476	13.65792	1.409733476	2.72451	8.117589476	8.51209	10.682005477	10.240437	9.67623478	12.54108	1.055883478	17.784348	8.323668478	11.418691	9.967546479	12.262422	0.772783479	12.280933	11.466512480	18.063225	9.616938480	10.749146	18.48241
481	9.540297	9.380851481	2.232453	17.335659482	9.375088	10.040078483	9.404789	9.439015484	9.230634	9.779872485	9.293111	10.287089485	0.695333	11.398734486	9.03849	9.747735486	3.240388	18.317533
487	9.21649	9.798281488	12.090971	10.208374488	17.769556	15.256757489	9.601447	9.328921490	9.336432	9.477243490	17.99152	12.164321491	8.776361	2.969285491	18.995913	10.759247491	4.502996	19.235901492	7.528073	2.672219492	16.530588	3.160075492	0.833541	10.266312493	7.129103	1.041134493	1.233853	7.576704494	10.375546	10.217654494	16.573704	14.733424495	9.300053	9.193969496	8.526472	4.295236496	2.069073	4.980293
497	9.498497	10.447803498	17.55648	1.724237498	18.522655	7.358213
499	9.684079	8.368442500	8.970407	9.34572500	11.999053	18.978426501	9.55391	8.422389502	9.846836	9.475915502	1.019399	19.38611503	9.892378	8.466538503	18.034281	10.792597503	6.564233	19.244751504	1.371062	14.122109504	12.138453	18.48361505	10.539083	8.874179506	5.780221	0.939459506	9.492361	8.951683
507	9.804189	9.911398508	9.453259	10.163743508	1.4669	11.864754509	18.113415	16.751854509	15.888585	17.446499510	10.335717	8.769655511	8.76455	10.390389512	17.245338	1.639274512	9.437533	9.317462512	19.119453	18.918369513	8.70353	9.535613513	1.922666	18.236847514	10.913567	9.376908515	9.217927	10.507919515	4.676811	18.244862516	9.328493	9.653757517	10.179801	10.6012518	18.448311	2.139873518	14.367077	18.766443519	13.461244	1.619869519	8.963697	10.536195520	9.860172	10.019972521	18.344646	10.967001521	1.623518	16.510777521	18.220995	17.439106522	10.402077	9.39292523	11.039398	10.795165524	9.38258	8.411464525	9.789203	10.028056526	3.604101	0.620592526	8.980686	9.972839527	8.565926	8.865848527	15.684567	16.60125528	12.605642	1.60262528	9.53327	8.969968529	9.778502	8.813772530	9.95615	10.189253531	12.799081	0.765531531	9.172941	9.251836
532	0.645852	4.418246532	1.459002	17.406815533	9.618269	8.56461533	8.499414	19.161228534	8.796935	10.654155535	9.561845	9.790234536	9.211736	8.878304537	10.931572	10.170761538	18.050289	9.300149
539	9.740202	10.202568539	18.373035	11.536398539	9.357037	18.632437540	17.549879	12.036128540	11.904982	15.690074540	2.089223	17.505175541	13.106959	13.505787541	8.831117	19.124449542	7.784372	17.66177

543	9.974515	8.891287543	1.038496	13.108163544	12.085093	1.07232544	9.581894	9.095001545	9.726146	10.08389546	8.61086	10.113569547	9.818053	9.174736547	15.414522	18.160934548	8.922744	9.062844549	16.910074	6.8806549	10.104136	8.607052549	9.094331	18.168301550	9.844352	10.213679551	10.157294	8.737021552	18.776951	2.8923552	9.956665	9.41962553	9.473992	8.527677553	15.526185	18.548172554	10.071671	10.32166
555	8.098547	1.698175555	10.898175	19.273632
556	18.946733	8.134253556	9.356324	9.228044557	10.000416	9.591562558	8.854152	9.491755559	9.171194	9.557848560	9.566087	9.623511561	9.420512	8.504324562	9.611298	4.851259562	13.565574	18.281769563	10.000917	10.273109564	3.099893	1.257547
565	9.872759	9.351959566	9.326937	8.465848567	9.352983	9.78321568	17.524628	0.752966568	9.595775	9.157612569	10.077645	8.492306569	8.848508	15.882969570	8.709738	9.254361571	14.618617	1.952484571	19.333538	6.564557572	9.718706	8.913847573	19.083065	8.915083573	9.458753	9.312404574	9.869032	8.717893575	0.874275	8.324345575	8.919972	10.714848576	3.729277	5.129119576	4.17559	19.00071577	9.974765	9.761166578	5.54388	2.676892578	9.901578	9.700822579	9.511056	9.240669580	9.598258	10.57685580	7.16188	19.072693581	19.248358	8.347049582	4.806077	17.336361
583	10.432402	9.670927584	1.505748	16.277277
585	2.231998	16.861803585	8.870487	17.614088586	1.085822	5.787396586	1.522058	17.235847
587	9.240658	8.496527588	10.478746	10.027911
589	9.253161	9.597935589	14.867379	18.795179590	9.165525	8.982143590	18.596237	15.742233590	2.078506	18.187376591	3.160585	1.208362591	9.655932	9.267711592	9.428797	9.574413593	9.00209	8.915709594	9.755171	9.377013594	17.748466	19.176899595	7.723618	10.568497596	9.60677	2.375175
597	8.762081	9.594739597	4.718098	16.741825598	14.498435	5.225648599	5.94647	1.651884599	13.292335	17.212851599	18.284985	18.408596600	9.894733	9.230877601	9.256241	14.783949601	5.533161	19.277315602	2.115365	6.675847
603	1.097651	7.947037603	8.598441	8.372288604	9.814935	9.762847605	9.634288	8.51345605	19.366951	15.629254606	9.671734	9.26665607	9.475412	8.724669608	1.016331	1.582572608	1.838537	7.281436608	4.677519	18.964483609	8.185248	1.903554609	18.387825	3.540617609	9.472546	8.643004610	9.270364	8.773583611	1.338142	7.226662611	11.258818	9.327487612	9.401843	9.727962613	9.11607	17.944363613	14.608726	18.512648
614	9.944685	8.681949615	2.66607	3.799434615	10.014176	9.978292616	18.605112	4.641814616	0.704146	15.500817
617	5.276391	2.479211617	8.531843	9.48268617	15.592177	14.129373618	8.79586	9.704841619	10.427912	10.261827620	8.822873	8.546115620	18.971476	12.881251621	9.355806	9.965841622	8.313305	0.715085622	8.526142	8.630266623	14.802671	2.622859623	10.338764	6.909158624	10.116798	9.29293625	9.425051	10.550082626	1.185052	2.268575626	8.342738	16.69936
627	18.306171	7.847415627	9.037121	9.142815628	10.079031	9.572491629	9.77689	9.471378630	9.629706	10.148485631	9.197147	10.558407632	2.866776	1.285579632	9.09167	9.469097632	1.591667	15.765408633	10.49859	9.327301634	9.626478	8.866816635	8.671283	5.532212635	7.67738	9.508776636	8.477026	9.622006637	8.70708	10.466148637	10.291936	18.440355638	9.123318	9.313869639	9.273943	9.596283639	16.81448	10.686487640	18.203403	4.894484640	0.756875	8.167348641	8.927534	9.724504642	10.704536	1.711673642	1.666341	1.554692642	10.543205	8.65077643	8.333583	8.368147644	2.797487	3.114488644	11.263863	10.038336645	17.122292	0.655916645	0.797051	2.647277
646	7.811462	1.126521646	9.271038	9.370092646	1.744844	18.685242647	8.439348	9.137584648	8.738927	11.395643649	1.439866	2.131476649	10.132074	9.571405649	1.193198	13.509662650	19.174463	5.571826650	9.19351	9.672835650	1.663658	11.487987651	6.263967	1.095363651	9.175099	10.17863652	9.229628	8.75344653	8.96674	8.977901654	1.292458	0.528714654	8.267436	8.646846655	8.567209	9.098337656	9.752276	8.567308657	9.617753	9.574796658	9.76392	8.262614659	2.964587	1.566868659	19.056858	12.899669
660	9.405822	8.699764661	9.183228	8.464502661	10.175331	17.37314662	19.049065	5.12013662	1.001561	6.799311663	14.66366	9.453518663	9.90747	18.511471664	9.340556	9.08028665	8.548973	8.936137666	10.085918	10.867567667	18.636959	1.349843667	9.672385	9.601265668	9.914693	9.27409669	0.621354	4.057554669	8.657448	10.248523670	10.781141	9.326422671	2.245255	1.723957671	10.130578	9.975062671	14.271877	16.945812672	9.106632	9.982289673	9.726445	10.623958673	3.857677	17.227051674	8.894474	9.04562675	1.30138	7.950486675	10.232086	9.464447676	9.518132	9.963837676	12.919546	9.136492677	2.732466	1.069907677	10.015952	9.297991678	16.472795	5.758964678	8.174395	9.85473679	9.508471	9.214441680	8.54982	9.332285681	0.728889	0.659968681	4.08734	6.256663682	9.097238	8.627961682	17.912157	18.907055683	9.632725	9.802852683	1.055256	16.523325684	8.663074	9.114876685	8.482923	8.724011686	6.853076	0.676751686	8.930653	8.452299687	2.056901	1.95365687	1.913941	8.947948
688	18.963453	2.954893688	8.311838	8.856278689	10.059771	9.390338690	9.780555	9.865542691	8.871647	9.120921691	19.285383	15.685429692	8.950411	8.623544693	13.150214	2.372477693	18.106216	6.710652694	1.91166	2.299623694	12.72501	12.64253695	17.576086	3.655928695	10.101741	9.446239696	19.336266	0.689315696	13.949341	2.618958
697	17.122183	3.075078697	8.834766	7.970003698	9.694282	9.649006698	15.358378	15.115705699	6.251865	1.276836699	9.640954	9.392996700	5.32365	2.460155700	8.035322	9.512657701	8.581208	8.794438701	15.372461	18.789845702	17.020294	0.694534702	2.852768	6.572712702	17.749519	12.413508703	9.754807	8.413904704	10.125976	10.16739705	10.438396	9.984311706	9.744614	10.270769707	17.017427	0.755607707	8.973846	8.639724708	5.029031	1.304183708	8.594492	9.719295708	19.036495	14.001015709	9.512099	9.776992710	10.321742	10.318246711	9.991478	9.63559712	16.693081	11.858989
713	8.716743	9.908665714	0.859867	3.266464714	9.486722	8.809296715	8.989955	9.627688716	8.533678	7.817524716	18.665443	10.769394717	9.813322	9.702326718	1.257093	9.809888718	19.120207	11.285626718	13.755526	16.694323719	8.664135	1.913537719	9.593548	10.610723720	9.730021	11.184335721	1.506847	7.282296721	18.996645	9.15594722	0.663271	2.494542722	9.291515	8.161183723	8.744213	10.121511724	15.520853	1.743887724	8.313082	9.945499
725	5.611526	1.803649725	9.602713	8.826328725	8.673181	18.108614726	7.748172	10.753851726	19.268152	10.936748727	9.645816	9.771438728	10.289187	7.570051729	9.377044	9.251298729	0.80544	13.508151730	10.028753	9.501045731	10.563622	9.671551732	10.447222	10.237131733	10.82568	1.601855733	19.027828	1.364224734	9.560782	8.763739735	10.17879	9.238622736	9.522036	9.722934737	9.186636	9.619707738	16.522175	7.276731738	9.963884	9.589086738	8.33293	19.107222739	13.580409	0.688387739	9.711883	9.420862740	8.716428	10.057522740	0.796633	13.521844741	10.033631	8.772731742	8.271034	9.653968743	16.383095	1.531759743	2.651625	5.8518743	10.334631	13.991154744	9.275294	9.450707745	2.924609	5.18873

746	9.490758	10.22828746	3.435172	19.299553747	12.468665	0.988332747	10.907813	5.723493748	17.791389	12.215364749	8.5459	8.63149750	4.162845	0.893027750	8.64505	8.999284751	9.646175	9.841822751	19.178209	15.131276752	18.75602	3.867441
753	16.36755	0.821322753	4.473384	2.383299
754	10.323296	10.421312755	9.57272	7.813165756	10.408198	9.271916757	7.046679	2.274137757	9.275459	9.021415757	18.546635	18.90057758	10.373596	8.934823759	8.993448	9.363191759	11.220694	19.247282760	8.899075	7.84366761	8.906576	10.230018762	9.05583	9.481316763	9.491373	9.206746764	9.596387	8.865825764	8.657431	17.76585765	15.427788	5.049084765	9.146559	9.186659765	1.809819	12.584083766	4.420572	0.93826766	9.12861	8.496539767	3.386373	8.21312767	9.632518	10.685721768	8.999975	9.195334
769	19.144417	2.96755769	3.855085	17.146173770	0.983344	1.698578770	8.884469	9.69519771	7.918571	8.804552772	9.090036	10.15259772	15.11797	17.540037773	10.225106	8.291202774	9.23831	9.243206774	17.377789	17.634136775	9.61048	10.916466776	9.970175	9.351134777	9.155181	9.123455777	5.219594	18.762962778	10.143308	9.51089778	4.388902	15.315613779	16.907673	6.899256779	9.901682	8.308735780	9.392385	9.650661781	8.991744	9.386039782	18.232056	10.821486
783	1.915689	12.506179783	10.326793	11.251156784	1.280876	4.848556784	12.159307	9.483015784	2.226616	17.745012785	8.938233	8.711452786	2.185186	3.232566786	15.03209	11.944669787	10.375981	8.429086788	9.236438	8.660654788	2.117118	16.534401789	8.668967	9.460919790	1.654829	13.627623790	14.78801	19.107115791	7.432606	6.932208791	1.39837	8.472253791	3.291143	13.863937792	9.905867	1.573535792	10.076115	9.966058793	8.378189	9.338237793	14.695515	11.275309794	9.188338	9.209973794	1.260271	17.497746795	10.166169	9.630653796	7.778251	9.927962797	10.34671	9.965141797	17.094456	9.610663797	18.903605	15.104484798	9.115248	9.982584799	1.418281	0.940305799	9.418677	10.592285800	8.474865	8.868723801	1.430296	8.284562801	9.331668	8.949306802	10.274128	9.181476802	3.922112	17.406273803	8.870499	10.501979803	18.053848	10.169423804	10.054622	10.162872805	17.933849	7.025622805	11.558228	8.343203806	16.080662	1.436696807	17.466534	5.356798807	8.614668	8.737752808	10.306561	9.975406809	9.124404	9.520157809	17.337038	11.587083810	0.997387	9.005178810	10.39553	15.224305811	9.605237	10.23706812	9.778067	8.951748812	17.798695	17.602295813	0.837341	3.128727813	9.682783	9.389412814	16.171753	5.239325814	7.415948	18.552681815	8.611872	8.091947815	1.477494	13.598844
816	10.486057	8.53528816	17.714539	19.255665817	9.372753	9.091928818	9.498384	9.76806818	11.304726	18.880457819	9.576094	9.218773820	9.760886	9.75051821	9.35716	9.780694822	4.962327	0.68041822	8.875255	9.571714823	10.27667	10.045032824	9.889791	8.483314825	9.74206	9.070053826	1.550783	17.313742826	7.295748	18.516621827	6.347699	1.063453827	0.5	15.192789827	5.345816	18.579803828	2.398029	7.828037828	10.035138	10.393907828	18.380337	18.035942829	17.063257	14.014777
830	9.404439	9.476324831	9.967601	8.486132832	8.583739	10.584085
833	10.908902	9.170568833	18.597143	17.918152834	10.085824	7.963642835	9.300151	10.30567835	11.304866	17.513203836	10.676745	7.986572837	9.62482	9.361459838	7.558157	1.515988838	5.93759	5.884007838	10.332741	10.614888839	10.557104	8.464233840	9.405752	9.182437840	7.563915	19.13365841	9.480747	8.426316842	9.603384	1.377648842	9.544788	9.356177843	9.700661	10.140299844	10.281374	9.717433844	18.70286	12.563672845	9.600011	10.110503846	9.717669	9.849616846	12.004365	16.645731847	10.184655	0.882024847	9.794744	9.403087847	19.041061	15.283591848	10.080792	9.488568849	8.218492	0.795425850	15.671083	0.770606850	10.456515	8.785519851	8.804853	1.117025851	18.381201	1.558076851	11.40025	9.521741852	8.49895	10.357975853	9.557636	10.402157854	8.683172	10.238343855	19.112337	7.416746855	1.609272	12.046813855	5.076241	18.312344856	9.531831	9.819963857	10.101088	0.821525857	1.57746	15.732126858	10.710489	9.297008859	9.159024	10.119145860	9.586541	10.058805860	19.263048	13.408991861	17.286013	0.954958861	9.615485	9.639402862	9.043553	9.064272862	17.023197	18.019709863	10.652422	17.844189863	4.831779	18.662256
864	9.37318	10.040225864	4.856651	11.405849865	9.208383	9.917124866	13.391356	0.923263866	9.530069	9.110288867	9.029631	1.149359867	1.673882	14.872022868	5.475878	0.801138868	9.171257	9.259903869	13.198627	1.537433869	18.449251	1.84222869	1.577994	7.906803870	9.471287	8.38727871	11.533459	8.384516871	1.816854	13.346314872	9.03096	2.452096872	10.135528	9.687537873	9.428146	9.358188873	1.577663	16.373888873	13.384251	19.013096874	9.697836	10.188914875	11.38544	8.991886875	18.045866	16.291105876	5.885574	2.704317876	10.314514	10.333272877	10.040916	10.249287878	9.487101	8.849008879	2.068065	1.594239879	9.321266	9.723068880	1.054982	2.66353880	16.26255	17.20878
881	3.719855	19.053257881	11.940787	19.196169882	1.405215	3.352375882	9.802714	9.757813883	9.870236	9.505383884	5.443899	1.267846884	9.485598	8.851545885	9.958091	10.173627886	1.988641	4.881285886	7.358798	19.405222
887	15.527514	2.290036887	14.303452	7.683784
888	8.510767	8.409672888	16.671133	17.758608889	9.418771	9.556572890	9.505912	9.909393891	11.321858	8.588086
892	14.693454	1.597808892	10.471192	9.493247892	12.250757	15.790641893	3.431838	9.780234893	7.7831	9.263754894	17.923878	5.083244894	15.740741	14.232904895	8.668193	9.350828896	11.025738	9.519531897	17.367638	2.639373897	1.899933	10.585139897	18.815029	17.362986898	8.434583	8.516733899	2.608567	2.506212899	2.428006	12.563144900	9.831157	8.993902901	2.333384	1.672196901	9.815363	10.003883901	0.934859	19.435722902	1.514009	6.517227902	9.444583	11.062667903	10.112637	9.727582904	10.245591	8.843673905	9.567359	9.51817905	19.275974	13.274194906	9.13741	9.628081
907	10.463308	8.660225907	6.483629	12.404793908	10.933954	1.375529908	18.767841	16.843819909	9.411519	9.612925909	0.52523	9.49171909	8.397944	19.235609910	9.662852	9.637815911	9.809237	9.660972912	9.921013	9.339133913	1.180951	9.76461913	10.33587	10.426467914	19.045954	12.593255914	9.654515	19.046848915	6.7844	1.44757915	9.870073	10.263278916	9.007631	9.599182916	9.49951	18.711691917	9.284705	10.196198918	9.196668	10.082118919	4.771966	0.586843919	10.586546	10.553235920	10.426007	9.45393920	0.941082	18.873974921	9.567812	9.118535922	9.210008	10.095183923	9.880679	2.415044923	9.780789	8.637215924	9.095171	9.306329925	10.161851	8.47061926	10.263713	8.859041926	7.664985	19.295609927	1.776525	8.320305927	8.948384	9.551532928	10.225351	2.09945928	0.866864	2.397359928	9.602667	9.368221929	8.74427	9.828156929	17.057823	19.039808
930	9.460722	9.457026931	8.62334	9.611359931	18.443874	13.592317932	10.503007	8.982985933	8.150998	1.135031933	9.891272	9.388891934	11.373485	7.857416935	9.086838	10.25637936	9.167786	9.623882937	9.12238	10.218791937	19.423141	14.979136938	4.712633	4.039198938	0.758435	11.404449938	15.565695	18.69915939	8.029699	9.667426939	17.608183	14.136454940	18.680153	5.352091940	9.078751	9.266045941	10.153382	8.457608942	9.040686	9.77617942	17.9181	18.243153943	9.459464	9.318683944	1.009564	4.713886944	7.981472	7.439808
945	9.629722	9.574883945	12.610406	18.948042946	2.229973	6.833746946	9.323039	9.7057947	7.825762	9.487667947	5.96914	19.208723948	7.710716	1.208881948	19.486851	15.674602
949	18.731396	3.460433949	17.797871	13.664497950	11.205885	9.461111951	19.408548	0.842436951	13.301172	12.838713951	8.754342	17.385199952	7.323871	0.963354952	18.111223	13.528238952	8.809121	16.575966953	8.249681	8.689769954	2.52504	4.154381

955	9.187345	10.287746956	1.842683	6.402576956	9.404004	9.02502957	9.680249	9.22915957	17.365557	19.280245958	9.739497	9.459962958	19.284998	15.851173959	1.817448	3.462524959	18.278257	17.73461
960	9.605371	10.197879961	10.283134	9.645106962	8.562403	8.680449962	1.732226	16.506054963	8.041729	8.362998
964	19.05382	7.240732964	14.387572	13.535171965	9.398171	11.489259
966	8.865849	9.814314
967	7.41035	1.89053967	18.394739	2.68645967	15.286501	19.058798968	18.515631	12.634665968	1.074036	13.590673969	9.03364	9.610334970	9.905808	9.495914971	9.841705	9.012278972	7.793747	10.511088
973	15.222161	17.728065974	9.117324	9.591403974	12.020541	19.178759975	9.290729	10.137842976	9.630316	10.034107977	8.323103	8.771224978	8.344638	0.893995978	9.746054	8.951689979	9.878307	9.481143980	10.007447	9.006229981	1.361285	9.317179981	7.56921	18.148012
982	5.094965	1.078669982	19.370392	6.817669983	7.752611	9.14271984	9.367867	9.61326985	9.699101	9.660867986	8.383607	9.315855987	9.033267	8.929968988	9.319736	11.084465989	8.020623	1.058404989	8.877678	7.876066989	3.69276	18.09775990	10.318851	10.44643991	9.091796	9.833323992	9.793968	8.882025992	9.731703	11.12873993	9.095991	9.871242993	18.980801	13.025142994	19.273184	1.603606994	7.922595	9.354909995	10.094929	9.599987996	10.411702	9.941472997	8.419353	9.719264997	14.212931	19.183723998	1.672034	4.290822998	9.465717	10.127377999	9.547603	9.573085