0	9.459442	10.441411	6.178865	0.88843171	9.432446	11.011152	18.64964	5.4974392	10.51359	8.5098693	10.08778	9.634014	2.866505	1.0178064	10.41021	2.4827254	15.64939	12.778755	18.32637	5.5170715	9.952223	10.102046	3.115601	1.9160756	9.321301	8.439777	7.511832	1.3296027	9.709758	9.2234087	1.822175	9.1551558	8.425932	11.140298	15.52082	13.327349	9.796021	8.5076479	1.210024	17.61052
10	9.526225	9.16859511	0.9647196	4.96670811	1.509285	14.2455112	10.92313	9.59236212	9.50838	17.1588113	16.55266	15.223313	11.16673	18.0884214	1.243368	15.6976814	12.62165	17.2330615	0.9065257	0.889808415	10.45984	10.0180116	7.352608	0.99094916	10.92391	9.36867717	9.186119	9.41819417	10.9458	19.0589818	8.996232	9.50747419	14.39756	0.67511219	9.160132	8.91513220	1.553678	11.0303720	8.902965	11.0167721	9.351404	9.78635222	8.941104	8.94309323	9.873786	9.47530924	5.166067	5.04222224	9.14993	9.76244125	10.99886	1.80397825	19.2529	6.37586525	9.012851	17.173726	1.33996	2.24056326	9.449103	9.29383227	15.0809	0.990875127	1.995639	3.59626228	17.70415	0.832963128	9.285302	8.8350729	10.41442	9.46898530	7.267337	1.53008330	9.701446	8.75336431	8.186816	11.4073331	18.72304	11.7582232	9.482799	8.82443332	9.226712	18.3796333	1.607232	3.23672833	12.9035	4.13123933	9.229923	9.65997834	17.95764	7.14249834	9.967846	9.10041635	18.77516	2.38907635	9.347635	9.39039836	9.583323	10.2007237	3.167483	3.63982837	18.96524	15.8700238	9.178132	9.47809939	2.998209	1.0381239	9.517597	9.03661840	13.01159	4.71242140	2.650681	18.3737941	17.38508	1.57903941	10.45653	9.52259142	10.19039	10.1630643	9.706286	9.60218744	17.31262	2.058602
45	2.576279	0.882979245	1.390512	5.48369445	9.966009	9.86794346	4.952422	11.5620846	18.97462	14.30223
47	9.308177	9.89620348	9.972282	10.2488249	0.795927	5.05394949	8.973253	9.39184250	9.593087	1.48153850	5.938026	9.76120650	10.0768	9.15194751	15.60112	11.6235551	8.983326	17.9004452	18.795	7.42067452	9.468261	9.90189153	8.90869	9.6773554	9.777748	9.40995255	0.6260033	8.53567755	9.991617	11.4241356	19.20672	6.53538356	6.480949	15.4210756	3.389197	19.1939957	1.527192	6.71239557	15.67405	15.1542958	9.585963	9.64370859	10.36632	8.73035859	3.986667	19.1977760	9.454974	9.64922361	15.95597	1.17599561	18.10581	16.8960461	2.047844	18.0894262	10.27837	8.69372662	2.205226	19.1698363	8.512071	9.30699963	11.00698	16.4389864	10.26995	9.63426165	10.78328	8.7378566	7.553229	15.3139467	18.28328	4.24454267	9.206782	9.20235368	9.261217	9.96445469	9.406218	9.73302669	0.9381848	13.351770	18.14674	1.11546570	1.079485	4.64326570	9.83309	9.17171771	8.043304	1.91431671	17.68241	1.37091971	0.9312454	6.33322472	9.54516	10.8001373	10.96791	8.61061473	14.65205	13.6567873	18.50291	17.9169674	9.305083	8.90749575	1.337044	2.916359
76	1.901051	6.95093976	9.335681	9.27635977	17.94991	6.29444777	9.967256	9.63684777	8.293096	18.7161578	2.544358	6.98796278	7.88955	7.46819478	5.068233	14.9436279	9.199781	9.27238480	8.807105	9.46098881	8.838303	0.694676381	1.581417	1.41263781	7.852599	9.63476882	9.299167	10.1865983	4.068911	6.67354483	6.820767	18.2361984	1.355787	9.57030584	9.891324	9.03818885	9.177672	10.28286	19.28474	12.0140286	1.075698	16.3843587	0.9273945	8.17631187	9.395192	8.492425
88	8.602427	8.97100189	11.81198	0.651489189	18.65182	3.02379289	9.139107	9.47529790	2.565659	8.52406590	9.64675	10.3857291	17.94033	0.872939391	8.579276	10.2944591	1.972065	18.4006592	18.58868	4.25159392	9.721299	10.2035693	9.600577	10.072993	19.25043	11.5369294	8.297038	8.26232195	0.8691049	9.85644195	10.373	9.65884396	12.29639	1.52364196	1.236536	2.758915
97	8.744818	7.4857498	9.140512	9.19987199	9.790033	9.841683100	17.58191	1.57214100	8.892923	9.522122101	5.474645	5.638502101	9.667033	9.670421102	8.707715	9.491652103	9.6754	8.914133104	18.33241	1.130473104	18.44458	8.632499104	6.126364	19.33026105	10.66348	1.775599105	9.591244	9.762447106	8.948803	9.918242106	3.583196	18.43175107	10.31066	8.83435108	17.94929	2.679879108	8.305656	10.01258109	1.735265	0.6735698109	17.81325	7.266231109	1.40384	14.2755110	18.90772	10.1399110	6.394779	18.71353111	2.212186	6.741039111	9.311221	8.616994112	9.602206	8.792469113	11.23045	9.43989113	18.84495	12.59927114	9.000822	1.89126114	9.92406	10.73401115	19.07559	2.053392115	9.713353	9.226091116	10.14186	9.439944116	2.044088	17.70964117	10.0211	9.192579118	17.59416	6.127449118	8.949404	10.28082119	1.780653	1.787661119	8.901978	10.22999119	18.29894	17.43291120	7.746395	6.73255120	18.72917	11.73287121	9.176254	1.095456121	9.648947	10.48748122	8.401456	8.78084123	1.86239	9.300782123	9.795486	9.614156123	10.33772	16.54119124	9.47562	10.44818124	19.28699	19.5125	9.640585	9.749519126	16.78541	0.8326255126	9.205236	9.976186127	9.322688	9.71765128	10.25949	10.74575128	18.26089	12.12756128	12.80101	16.83361129	18.42056	1.874087129	8.51901	2.343773129	15.26185	15.94793130	5.958284	18.34617
131	10.15441	9.936374132	10.30635	9.129077133	10.80019	10.20345134	17.05826	0.7419594134	0.7648714	8.08394134	5.062247	17.78918135	0.5884675	0.7579433135	9.571992	8.322755135	17.6989	18.50999136	11.14019	10.09072137	9.833076	9.342702137	13.40733	17.30513138	12.06873	0.8725463138	1.577439	1.770855138	10.5045	7.206462139	1.215181	1.586078

140	10.4201	9.714141140	13.64624	18.22478141	0.8659228	14.34045141	19.38242	16.29896142	1.389435	4.469577142	10.02571	10.39041142	16.85601	19.02622143	7.727286	9.664949144	18.87465	6.556904144	2.427197	9.215051144	8.613908	9.665758145	9.541611	9.406087145	6.410256	18.45833146	0.8842681	5.956133146	9.746713	8.428291147	9.236341	9.641385147	18.42351	18.43064
148	9.623123	10.01554149	10.55686	8.994827150	13.91199	1.080899150	0.8692077	4.016651150	4.922467	18.16974151	9.601622	9.514554151	16.51134	12.93138152	8.512427	9.06978152	18.97846	8.804352153	3.384916	14.42956154	7.293243	10.00494
155	11.04301	8.795147156	6.581797	3.841465156	9.597978	9.442967156	17.48536	10.41103157	14.99994	0.7837616157	5.414767	15.31292158	19.18685	0.7138206158	9.496228	9.790044158	1.595883	14.19101159	10.03689	10.43231160	9.647616	9.92716161	6.355747	16.75275161	18.50938	17.77919162	16.61832	7.86308162	4.329911	14.9195
163	7.606563	8.520823163	4.865805	17.09473
164	9.413406	9.408868165	5.083649	1.477088165	11.15839	1.891252165	4.324002	17.60433166	16.44315	6.247128166	18.23061	14.56784167	9.622037	9.720598167	0.9648587	15.02007168	18.70275	4.242737168	9.718553	10.03129
169	10.68948	9.474439169	15.81157	18.62683170	9.945674	8.476457170	18.50701	15.58381170	4.58122	19.02217171	10.16932	9.626514171	19.10463	17.50422172	0.6756913	6.03267172	5.094544	9.380486172	7.506518	18.64028173	16.12127	7.952892173	8.712308	10.47646174	9.353384	9.83203175	18.25268	10.04161175	15.34603	14.89539176	9.377717	8.781355176	19.09148	9.029493177	17.6179	7.392552177	9.415294	9.602132178	10.55968	8.489812179	1.497947	5.218493179	3.805975	15.76794179	12.62515	15.03219180	8.632928	10.57859181	8.046364	9.613098181	1.569709	17.94325182	12.78854	4.200978182	10.29993	9.37056182	18.93374	13.78654183	9.538199	9.783895183	18.14054	10.03134184	13.28614	0.932602184	8.758348	9.472574185	9.606708	9.447963186	9.022189	9.416519187	8.844954	10.3611188	0.9570401	1.594742188	8.786296	10.78265189	3.846073	1.259745189	9.560327	10.41467190	1.506162	6.101519

191	14.56978	1.277312191	10.23227	11.95809191	16.22888	14.20441192	9.451555	9.744208193	10.77742	1.820356193	10.1788	9.892367194	19.42665	4.126776194	9.768033	9.152168195	8.520512	8.643348195	16.76857	18.51611195	8.467004	19.00334196	6.327404	3.41719196	18.96018	9.686599197	8.046857	9.384574197	5.538918	15.29067198	9.264691	9.556514199	13.3891	17.76458
200	2.454874	12.12974200	1.749753	17.47578
201	10.20874	8.920259202	9.576124	9.736938203	10.03798	8.654868204	9.39342	8.589235205	0.8878883	5.223083205	9.985867	9.500531206	15.01962	1.905537206	7.647779	16.26428
207	10.08379	9.611165208	0.7538627	7.002966208	9.330829	8.779155209	0.7340748	5.673238209	18.45527	15.23676
210	9.27031	9.524419211	7.727672	1.853372211	8.759239	10.342212	9.335699	9.266026212	15.47806	12.66632213	9.812337	10.18687214	9.580257	9.463257215	2.078243	3.063758
216	9.054331	8.639742217	19.15044	2.057907217	9.815167	10.50096217	2.317855	14.6374218	15.15425	0.9311719218	9.557322	9.57009219	9.241586	9.233925220	9.931044	0.7328228220	8.55538	12.00013221	9.759466	10.03694222	1.521661	2.574674222	9.551172	8.966096223	8.288735	12.02478224	6.682914	1.716791224	8.575788	9.709344225	8.695759	9.504156225	10.90868	13.41231226	9.259723	9.358426227	5.481989	18.04415228	3.181733	1.083516228	19.17808	11.35869228	12.5187	19.1016229	5.125721	4.781136229	10.23356	9.955124229	18.53935	10.05345230	10.27364	1.614141230	19.10661	17.53643231	8.896604	9.926223232	9.019595	9.479833233	12.8816	1.212586233	9.049267	8.953373234	9.448703	10.02332235	8.982787	8.250016236	8.736782	9.563543237	0.8338312	0.9479018237	9.356971	9.554101238	9.716068	9.676667239	10.11038	10.65941240	13.32577	3.063528240	8.636159	9.631256241	10.16092	9.496405241	17.60393	19.0217242	12.59599	6.082985242	8.722732	9.94643243	9.434383	9.32788244	9.609349	7.717034244	18.6078	15.65311244	13.19376	19.15892245	8.637746	7.990734246	10.61587	8.893119247	8.96519	9.761468248	6.59731	3.326927248	8.858418	10.05203249	8.860466	9.252295250	10.4184	8.626026251	12.24033	2.383438251	9.944449	9.139601252	9.371447	9.912573253	8.709337	10.27627254	8.574758	10.01242254	11.61013	19.32753255	10.40864	9.788207256	9.256741	10.05263256	17.46279	15.68582257	10.36851	9.154814258	8.952143	9.506044259	9.629488	9.316217260	9.992435	9.541614261	1.047384	9.495347261	9.61109	10.54402262	9.492135	9.280115262	18.79708	14.33018263	11.08261	10.74261264	1.339548	4.508379264	9.631953	9.612598265	9.305197	9.799207266	9.475076	9.296865266	18.94028	19.27799267	10.36638	9.059324267	8.893972	18.53106268	10.10268	9.918151268	10.15769	18.89566269	9.735819	9.949148270	9.520308	7.960794270	8.437113	16.80177271	9.016748	10.47243272	9.622469	9.408752272	18.95639	11.85148273	13.49674	2.197016273	10.05352	9.008267273	18.07976	14.89393274	18.47844	7.462568274	6.936021	18.24293
275	19.04585	7.71259275	7.977617	9.835746275	2.482502	18.22537276	8.912151	7.904799277	18.49076	4.71019

278	8.811357	10.45291278	17.40365	18.58002279	8.840755	8.578625280	9.403759	8.796773281	9.295275	9.333741282	5.970577	0.6971886282	9.607906	10.0924282	0.7026554	14.85236283	9.341578	9.677761283	15.34229	9.721948284	15.28704	8.089151284	9.287119	8.910851285	8.724951	9.88024285	10.40993	15.57426
286	16.69856	2.360225286	17.75632	12.71252286	12.9704	18.53634287	10.30126	9.230775288	9.562791	9.289001289	8.840094	9.694849289	0.8573852	11.14586290	10.2392	9.322335290	0.892114	9.935136291	9.430776	10.78381292	10.09254	8.944579293	2.22414	5.784022293	17.84228	6.949909294	10.02291	9.272306295	18.54735	9.649927295	19.18455	14.78202295	1.004775	17.29056296	9.602963	9.593977296	18.19758	15.68109297	8.928623	5.888155297	11.05177	18.28571
298	0.9606004	1.694278298	6.180389	9.013728299	8.48229	8.583191300	0.9733427	2.45877300	9.54725	8.654556301	8.949053	8.991325301	8.440495	17.27639302	9.265591	9.071803303	9.485789	9.346649303	6.722543	14.68858304	1.909834	10.99105304	17.65192	15.17778305	9.665959	10.37417306	9.322515	9.404958306	9.626247	19.12047307	10.64985	9.859483308	9.820248	10.14803308	18.22011	18.97924309	8.622269	9.750381310	9.513828	9.43775310	6.401427	19.15295311	9.582253	9.412637312	2.985569	6.371992312	9.501602	8.721349313	7.086337	1.732092313	8.85063	9.998198314	10.18331	10.11917315	7.513418	10.4126315	11.29496	17.62039316	8.520125	9.308908316	1.369317	15.08311317	10.21776	8.732546
318	9.252731	9.565166318	1.46686	15.48467318	18.05488	16.34187319	15.5192	1.025513319	9.836967	8.560353320	9.844082	10.09122320	8.296254	18.61035321	15.77979	2.512888322	9.65371	1.62757322	9.932274	10.32594323	8.918207	0.8756797323	1.227572	8.32913
324	9.868621	9.691168325	9.855335	9.893609325	2.103723	18.58897325	10.70143	19.03844326	1.820573	2.423946326	7.768463	14.13543327	9.336315	11.41653328	8.98346	10.01606329	8.63598	10.0712330	9.798815	10.0643331	18.58161	1.032533331	17.3939	19.03209
332	10.28065	8.678213333	10.20331	9.557999333	1.165426	19.27264334	10.95799	2.482451334	1.775327	2.037838334	2.577269	18.91286335	9.477956	8.085328335	18.7049	13.37575336	9.9102	8.359399336	18.24305	15.52633
337	8.766652	9.708107338	17.79849	0.8869783338	4.448948	15.0429339	9.456902	8.762657340	9.762651	8.892469341	11.4472	10.03944341	5.290919	19.02319342	9.435681	10.20406342	2.39416	12.94354343	10.0817	9.557274344	17.98846	4.667976344	17.79267	18.4763345	1.848838	1.286242345	7.559228	0.9666308345	2.420263	7.190855346	1.383525	6.330513346	10.26028	10.21299347	8.387624	8.775774348	15.00048	1.609966348	10.89071	9.910673349	3.070858	17.84923
350	9.409801	9.442198351	19.29505	11.28236351	3.164053	12.3149352	19.0979	3.193151352	10.12414	9.572713353	9.607394	10.45073354	10.30028	10.13578
355	9.916445	9.520192356	9.577306	10.29444357	10.03197	10.37464357	0.6113802	19.29266358	1.526327	7.183081358	9.893103	9.455997359	16.59969	6.691896359	9.849367	11.52337360	9.723749	10.20261361	18.61094	1.953658361	10.22145	8.466171362	9.270262	9.56505363	18.82373	6.600354363	8.925141	10.08403364	9.343234	9.308858365	10.50515	9.561281365	18.34659	18.68418366	8.806381	8.081416367	1.13607	2.609988367	10.98007	8.7603368	9.713557	10.02619369	9.46409	9.445495370	10.0398	9.349119371	1.710639	2.462414

372	9.476614	9.585896373	9.964834	9.650571374	0.9282584	9.267878374	8.519028	9.966376374	4.682805	17.32068375	10.47841	9.319503376	9.77772	8.750346377	12.03605	0.9199085377	10.37199	7.329162378	9.08844	8.900935379	9.823706	9.03739380	9.679473	9.386816380	17.30644	13.99426381	10.50734	18.80623382	9.301021	9.540286383	10.75604	10.49417383	7.966854	19.1072384	1.209783	6.743418384	18.18134	6.660863
385	10.04442	9.449246386	9.555737	8.986306387	9.428245	9.229541388	9.941477	9.499498389	9.26583	10.06324390	3.01004	18.53307
391	19.2739	7.350057391	18.44302	14.49067392	10.69816	0.7022818392	9.449406	9.399263392	0.8644153	19.48215393	9.713704	9.767738394	14.99303	1.497324394	5.156051	18.69779394	10.8835	18.34957395	9.379906	9.248186396	1.625706	2.211212396	18.93279	9.503628396	6.399892	17.55846397	8.325739	9.311773398	18.39189	5.276205399	1.229672	15.72766400	14.9693	1.348621400	9.681918	9.581719401	0.7496263	2.153246401	8.491318	8.947985402	10.35917	10.64719403	10.14322	9.66905403	18.37519	18.15889404	8.074405	10.12607405	10.14709	9.499735405	1.961168	14.22399406	8.658128	10.27049407	13.46247	7.10392407	9.213886	10.0447408	9.000778	9.397243409	7.926557	9.989797409	16.43927	18.13952410	9.245997	9.667754411	8.737878	8.879626411	8.648503	18.6026412	9.564049	10.52561413	8.670602	9.572435414	12.53445	0.9845697414	16.75055	18.2503
415	9.280908	9.99754415	6.680022	15.65756416	9.900822	8.462996417	8.974349	9.873363418	19.07194	7.678901418	8.362219	9.612185419	19.22883	9.507606419	10.51741	10.15018420	9.75671	10.36307420	7.379007	17.91683420	14.04869	18.95101421	1.540412	9.589824422	8.43228	10.14801422	3.500004	15.63991423	10.44044	8.637487423	11.57535	17.71906424	9.813013	10.34033425	9.184441	10.14977426	9.796703	9.385746427	9.250512	8.939483428	7.551229	1.938432428	2.813245	9.915532428	8.63903	9.394576429	9.974337	8.8341430	9.823712	8.643957430	9.474886	12.30141431	14.2133	13.30285432	3.097644	1.054451432	1.392339	16.07537
433	18.73604	3.753736
434	7.512009	8.940399434	18.97531	8.50421
435	8.667512	9.253374436	15.97535	2.590264436	14.92933	11.57739
437	10.51078	8.991376437	3.340121	17.57533438	11.03293	9.980734439	0.8797251	7.985381439	4.512614	18.81807440	1.951715	5.792186441	10.3619	9.177195441	2.487658	11.12037442	17.75952	1.533397442	10.28078	9.303305443	9.507367	9.65278444	7.665528	18.13549444	14.36028	18.60379445	10.14487	10.45698446	16.80282	1.250405446	2.027266	5.864677446	10.33828	9.550056447	9.067547	10.45106447	14.69336	12.3233447	14.05362	17.82921448	9.401569	9.655235449	8.788222	9.222772450	8.58602	9.049264450	10.97463	18.74255451	9.394512	9.547964452	9.815213	10.21136452	15.42235	12.60051453	9.483199	9.410833454	10.10798	9.231493455	18.73186	7.880633455	9.396805	9.764459
456	9.947342	9.232931457	9.716827	8.788004458	4.990894	1.037225458	0.8097812	3.183324458	11.39795	10.11941459	9.302802	8.951002459	4.499285	12.55774459	0.9151403	16.64015460	9.763422	8.868065460	19.19584	10.54857461	5.469783	0.9876193461	2.797608	9.710952461	19.23413	14.33285462	9.30647	8.974318463	9.652041	8.809748464	0.7402648	2.751054464	18.74362	7.157707464	9.343769	9.09552465	9.637938	8.963766466	9.431211	9.673112467	10.05862	3.409981467	18.33309	8.591722467	9.363408	9.751209468	9.02569	9.503627468	12.19013	9.065759468	11.00764	15.78732469	8.874911	10.50212469	18.48028	15.34593469	15.04501	19.2939470	11.98089	8.008273470	18.54853	7.527864470	2.588192	10.34791471	9.442319	8.965811472	8.392155	9.93472473	7.572927	1.42921473	2.840728	17.7829474	9.283201	8.728108475	9.003995	9.635767476	13.65792	1.409733476	2.72451	8.117589476	8.51209	10.682477	10.24044	9.67623478	12.54108	1.055883478	17.78435	8.323668478	11.41869	9.967546479	12.26242	0.7727835479	12.28093	11.46651480	18.06322	9.616938480	10.74915	18.48241
481	9.540297	9.380851481	2.232453	17.33566482	9.375088	10.04008483	9.404789	9.439015484	9.230634	9.779872485	9.293111	10.28709485	0.6953331	11.39873486	9.03849	9.747735486	3.240388	18.31753
487	9.21649	9.798281488	12.09097	10.20837488	17.76956	15.25676489	9.601447	9.328921490	9.336432	9.477243490	17.99152	12.16432491	8.776361	2.969285491	18.99591	10.75925491	4.502996	19.2359492	7.528073	2.672219492	16.53059	3.160075492	0.8335411	10.26631493	7.129103	1.041134493	1.233853	7.576704494	10.37555	10.21765494	16.5737	14.73342495	9.300053	9.193969496	8.526472	4.295236496	2.069073	4.980293
497	9.498497	10.4478498	17.55648	1.724237498	18.52266	7.358213
499	9.684079	8.368442500	8.970407	9.34572500	11.99905	18.97843501	9.55391	8.422389502	9.846836	9.475915502	1.019399	19.38611503	9.892378	8.466538503	18.03428	10.7926503	6.564233	19.24475504	1.371062	14.12211504	12.13845	18.48361505	10.53908	8.874179506	5.780221	0.9394591506	9.492361	8.951683
507	9.804189	9.911398508	9.453259	10.16374508	1.4669	11.86475509	18.11341	16.75185509	15.88859	17.4465510	10.33572	8.769655511	8.76455	10.39039512	17.24534	1.639274512	9.437533	9.317462512	19.11945	18.91837513	8.70353	9.535613513	1.922666	18.23685514	10.91357	9.376908515	9.217927	10.50792515	4.676811	18.24486516	9.328493	9.653757517	10.1798	10.6012518	18.44831	2.139873518	14.36708	18.76644519	13.46124	1.619869519	8.963697	10.53619520	9.860172	10.01997521	18.34465	10.967521	1.623518	16.51078521	18.22099	17.43911522	10.40208	9.39292523	11.0394	10.79517524	9.38258	8.411464525	9.789203	10.02806526	3.604101	0.6205923526	8.980686	9.972839527	8.565926	8.865848527	15.68457	16.60125528	12.60564	1.60262528	9.53327	8.969968529	9.778502	8.813772530	9.95615	10.18925531	12.79908	0.7655313531	9.172941	9.251836
532	0.645852	4.418246532	1.459002	17.40681533	9.618269	8.56461533	8.499414	19.16123534	8.796935	10.65415535	9.561845	9.790234536	9.211736	8.878304537	10.93157	10.17076538	18.05029	9.300149
539	9.740202	10.20257539	18.37304	11.5364539	9.357037	18.63244540	17.54988	12.03613540	11.90498	15.69007540	2.089223	17.50517541	13.10696	13.50579541	8.831117	19.12445542	7.784372	17.66177

543	9.974515	8.891287543	1.038496	13.10816544	12.08509	1.07232544	9.581894	9.095001545	9.726146	10.08389546	8.61086	10.11357547	9.818053	9.174736547	15.41452	18.16093548	8.922744	9.062844549	16.91007	6.8806549	10.10414	8.607052549	9.094331	18.1683550	9.844352	10.21368551	10.15729	8.737021552	18.77695	2.8923552	9.956665	9.41962553	9.473992	8.527677553	15.52619	18.54817554	10.07167	10.32166
555	8.098547	1.698175555	10.89818	19.27363
556	18.94673	8.134253556	9.356324	9.228044557	10.00042	9.591562558	8.854152	9.491755559	9.171194	9.557848560	9.566087	9.623511561	9.420512	8.504324562	9.611298	4.851259562	13.56557	18.28177563	10.00092	10.27311564	3.099893	1.257547
565	9.872759	9.351959566	9.326937	8.465848567	9.352983	9.78321568	17.52463	0.7529664568	9.595775	9.157612569	10.07765	8.492306569	8.848508	15.88297570	8.709738	9.254361571	14.61862	1.952484571	19.33354	6.564557572	9.718706	8.913847573	19.08307	8.915083573	9.458753	9.312404574	9.869032	8.717893575	0.8742751	8.324345575	8.919972	10.71485576	3.729277	5.129119576	4.17559	19.00071577	9.974765	9.761166578	5.54388	2.676892578	9.901578	9.700822579	9.511056	9.240669580	9.598258	10.57685580	7.16188	19.07269581	19.24836	8.347049582	4.806077	17.33636
583	10.4324	9.670927584	1.505748	16.27728
585	2.231998	16.8618585	8.870487	17.61409586	1.085822	5.787396586	1.522058	17.23585
587	9.240658	8.496527588	10.47875	10.02791
589	9.253161	9.597935589	14.86738	18.79518590	9.165525	8.982143590	18.59624	15.74223590	2.078506	18.18738591	3.160585	1.208362591	9.655932	9.267711592	9.428797	9.574413593	9.00209	8.915709594	9.755171	9.377013594	17.74847	19.1769595	7.723618	10.5685596	9.60677	2.375175
597	8.762081	9.594739597	4.718098	16.74183598	14.49844	5.225648599	5.94647	1.651884599	13.29233	17.21285599	18.28498	18.4086600	9.894733	9.230877601	9.256241	14.78395601	5.533161	19.27732602	2.115365	6.675847
603	1.097651	7.947037603	8.598441	8.372288604	9.814935	9.762847605	9.634288	8.51345605	19.36695	15.62925606	9.671734	9.26665607	9.475412	8.724669608	1.016331	1.582572608	1.838537	7.281436608	4.677519	18.96448609	8.185248	1.903554609	18.38783	3.540617609	9.472546	8.643004610	9.270364	8.773583611	1.338142	7.226662611	11.25882	9.327487612	9.401843	9.727962613	9.11607	17.94436613	14.60873	18.51265
614	9.944685	8.681949615	2.66607	3.799434615	10.01418	9.978292616	18.60511	4.641814616	0.704146	15.50082
617	5.276391	2.479211617	8.531843	9.48268617	15.59218	14.12937618	8.79586	9.704841619	10.42791	10.26183620	8.822873	8.546115620	18.97148	12.88125621	9.355806	9.965841622	8.313305	0.7150853622	8.526142	8.630266623	14.80267	2.622859623	10.33876	6.909158624	10.1168	9.29293625	9.425051	10.55008626	1.185052	2.268575626	8.342738	16.69936
627	18.30617	7.847415627	9.037121	9.142815628	10.07903	9.572491629	9.77689	9.471378630	9.629706	10.14849631	9.197147	10.55841632	2.866776	1.285579632	9.09167	9.469097632	1.591667	15.76541633	10.49859	9.327301634	9.626478	8.866816635	8.671283	5.532212635	7.67738	9.508776636	8.477026	9.622006637	8.70708	10.46615637	10.29194	18.44036638	9.123318	9.313869639	9.273943	9.596283639	16.81448	10.68649640	18.2034	4.894484640	0.7568749	8.167348641	8.927534	9.724504642	10.70454	1.711673642	1.666341	1.554692642	10.54321	8.65077643	8.333583	8.368147644	2.797487	3.114488644	11.26386	10.03834645	17.12229	0.6559162645	0.7970512	2.647277
646	7.811462	1.126521646	9.271038	9.370092646	1.744844	18.68524647	8.439348	9.137584648	8.738927	11.39564649	1.439866	2.131476649	10.13207	9.571405649	1.193198	13.50966650	19.17446	5.571826650	9.19351	9.672835650	1.663658	11.48799651	6.263967	1.095363651	9.175099	10.17863652	9.229628	8.75344653	8.96674	8.977901654	1.292458	0.5287142654	8.267436	8.646846655	8.567209	9.098337656	9.752276	8.567308657	9.617753	9.574796658	9.76392	8.262614659	2.964587	1.566868659	19.05686	12.89967
660	9.405822	8.699764661	9.183228	8.464502661	10.17533	17.37314662	19.04906	5.12013662	1.001561	6.799311663	14.66366	9.453518663	9.90747	18.51147664	9.340556	9.08028665	8.548973	8.936137666	10.08592	10.86757667	18.63696	1.349843667	9.672385	9.601265668	9.914693	9.27409669	0.6213542	4.057554669	8.657448	10.24852670	10.78114	9.326422671	2.245255	1.723957671	10.13058	9.975062671	14.27188	16.94581672	9.106632	9.982289673	9.726445	10.62396673	3.857677	17.22705674	8.894474	9.04562675	1.30138	7.950486675	10.23209	9.464447676	9.518132	9.963837676	12.91955	9.136492677	2.732466	1.069907677	10.01595	9.297991678	16.4728	5.758964678	8.174395	9.85473679	9.508471	9.214441680	8.54982	9.332285681	0.7288891	0.6599678681	4.08734	6.256663682	9.097238	8.627961682	17.91216	18.90705683	9.632725	9.802852683	1.055256	16.52332684	8.663074	9.114876685	8.482923	8.724011686	6.853076	0.6767508686	8.930653	8.452299687	2.056901	1.95365687	1.913941	8.947948
688	18.96345	2.954893688	8.311838	8.856278689	10.05977	9.390338690	9.780555	9.865542691	8.871647	9.120921691	19.28538	15.68543692	8.950411	8.623544693	13.15021	2.372477693	18.10622	6.710652694	1.91166	2.299623694	12.72501	12.64253695	17.57609	3.655928695	10.10174	9.446239696	19.33627	0.689315696	13.94934	2.618958
697	17.12218	3.075078697	8.834766	7.970003698	9.694282	9.649006698	15.35838	15.1157699	6.251865	1.276836699	9.640954	9.392996700	5.32365	2.460155700	8.035322	9.512657701	8.581208	8.794438701	15.37246	18.78984702	17.02029	0.6945341702	2.852768	6.572712702	17.74952	12.41351703	9.754807	8.413904704	10.12598	10.16739705	10.4384	9.984311706	9.744614	10.27077707	17.01743	0.7556072707	8.973846	8.639724708	5.029031	1.304183708	8.594492	9.719295708	19.0365	14.00101709	9.512099	9.776992710	10.32174	10.31825711	9.991478	9.63559712	16.69308	11.85899
713	8.716743	9.908665714	0.8598675	3.266464714	9.486722	8.809296715	8.989955	9.627688716	8.533678	7.817524716	18.66544	10.76939717	9.813322	9.702326718	1.257093	9.809888718	19.12021	11.28563718	13.75553	16.69432719	8.664135	1.913537719	9.593548	10.61072720	9.730021	11.18433721	1.506847	7.282296721	18.99664	9.15594722	0.6632712	2.494542722	9.291515	8.161183723	8.744213	10.12151724	15.52085	1.743887724	8.313082	9.945499
725	5.611526	1.803649725	9.602713	8.826328725	8.673181	18.10861726	7.748172	10.75385726	19.26815	10.93675727	9.645816	9.771438728	10.28919	7.570051729	9.377044	9.251298729	0.80544	13.50815730	10.02875	9.501045731	10.56362	9.671551732	10.44722	10.23713733	10.82568	1.601855733	19.02783	1.364224734	9.560782	8.763739735	10.17879	9.238622736	9.522036	9.722934737	9.186636	9.619707738	16.52217	7.276731738	9.963884	9.589086738	8.33293	19.10722739	13.58041	0.6883868739	9.711883	9.420862740	8.716428	10.05752740	0.7966328	13.52184741	10.03363	8.772731742	8.271034	9.653968743	16.38309	1.531759743	2.651625	5.8518743	10.33463	13.99115744	9.275294	9.450707745	2.924609	5.18873

746	9.490758	10.22828746	3.435172	19.29955747	12.46867	0.988332747	10.90781	5.723493748	17.79139	12.21536749	8.5459	8.63149750	4.162845	0.8930267750	8.64505	8.999284751	9.646175	9.841822751	19.17821	15.13128752	18.75602	3.867441
753	16.36755	0.8213217753	4.473384	2.383299
754	10.3233	10.42131755	9.57272	7.813165756	10.4082	9.271916757	7.046679	2.274137757	9.275459	9.021415757	18.54663	18.90057758	10.3736	8.934823759	8.993448	9.363191759	11.22069	19.24728760	8.899075	7.84366761	8.906576	10.23002762	9.05583	9.481316763	9.491373	9.206746764	9.596387	8.865825764	8.657431	17.76585765	15.42779	5.049084765	9.146559	9.186659765	1.809819	12.58408766	4.420572	0.9382604766	9.12861	8.496539767	3.386373	8.21312767	9.632518	10.68572768	8.999975	9.195334
769	19.14442	2.96755769	3.855085	17.14617770	0.9833437	1.698578770	8.884469	9.69519771	7.918571	8.804552772	9.090036	10.15259772	15.11797	17.54004773	10.22511	8.291202774	9.23831	9.243206774	17.37779	17.63414775	9.61048	10.91647776	9.970175	9.351134777	9.155181	9.123455777	5.219594	18.76296778	10.14331	9.51089778	4.388902	15.31561779	16.90767	6.899256779	9.901682	8.308735780	9.392385	9.650661781	8.991744	9.386039782	18.23206	10.82149
783	1.915689	12.50618783	10.32679	11.25116784	1.280876	4.848556784	12.15931	9.483015784	2.226616	17.74501785	8.938233	8.711452786	2.185186	3.232566786	15.03209	11.94467787	10.37598	8.429086788	9.236438	8.660654788	2.117118	16.5344789	8.668967	9.460919790	1.654829	13.62762790	14.78801	19.10711791	7.432606	6.932208791	1.39837	8.472253791	3.291143	13.86394792	9.905867	1.573535792	10.07611	9.966058793	8.378189	9.338237793	14.69551	11.27531794	9.188338	9.209973794	1.260271	17.49775795	10.16617	9.630653796	7.778251	9.927962797	10.34671	9.965141797	17.09446	9.610663797	18.9036	15.10448798	9.115248	9.982584799	1.418281	0.9403047799	9.418677	10.59229800	8.474865	8.868723801	1.430296	8.284562801	9.331668	8.949306802	10.27413	9.181476802	3.922112	17.40627803	8.870499	10.50198803	18.05385	10.16942804	10.05462	10.16287805	17.93385	7.025622805	11.55823	8.343203806	16.08066	1.436696807	17.46653	5.356798807	8.614668	8.737752808	10.30656	9.975406809	9.124404	9.520157809	17.33704	11.58708810	0.9973872	9.005178810	10.39553	15.22431811	9.605237	10.23706812	9.778067	8.951748812	17.79869	17.60229813	0.8373411	3.128727813	9.682783	9.389412814	16.17175	5.239325814	7.415948	18.55268815	8.611872	8.091947815	1.477494	13.59884
816	10.48606	8.53528816	17.71454	19.25566817	9.372753	9.091928818	9.498384	9.76806818	11.30473	18.88046819	9.576094	9.218773820	9.760886	9.75051821	9.35716	9.780694822	4.962327	0.68041822	8.875255	9.571714823	10.27667	10.04503824	9.889791	8.483314825	9.74206	9.070053826	1.550783	17.31374826	7.295748	18.51662827	6.347699	1.063453827	0.5	15.19279827	5.345816	18.5798828	2.398029	7.828037828	10.03514	10.39391828	18.38034	18.03594829	17.06326	14.01478
830	9.404439	9.476324831	9.967601	8.486132832	8.583739	10.58408
833	10.9089	9.170568833	18.59714	17.91815834	10.08582	7.963642835	9.300151	10.30567835	11.30487	17.5132836	10.67675	7.986572837	9.62482	9.361459838	7.558157	1.515988838	5.93759	5.884007838	10.33274	10.61489839	10.5571	8.464233840	9.405752	9.182437840	7.563915	19.13365841	9.480747	8.426316842	9.603384	1.377648842	9.544788	9.356177843	9.700661	10.1403844	10.28137	9.717433844	18.70286	12.56367845	9.600011	10.1105846	9.717669	9.849616846	12.00436	16.64573847	10.18466	0.8820239847	9.794744	9.403087847	19.04106	15.28359848	10.08079	9.488568849	8.218492	0.7954249850	15.67108	0.7706058850	10.45652	8.785519851	8.804853	1.117025851	18.3812	1.558076851	11.40025	9.521741852	8.49895	10.35798853	9.557636	10.40216854	8.683172	10.23834855	19.11234	7.416746855	1.609272	12.04681855	5.076241	18.31234856	9.531831	9.819963857	10.10109	0.8215245857	1.57746	15.73213858	10.71049	9.297008859	9.159024	10.11915860	9.586541	10.05881860	19.26305	13.40899861	17.28601	0.9549577861	9.615485	9.639402862	9.043553	9.064272862	17.0232	18.01971863	10.65242	17.84419863	4.831779	18.66226
864	9.37318	10.04023864	4.856651	11.40585865	9.208383	9.917124866	13.39136	0.9232627866	9.530069	9.110288867	9.029631	1.149359867	1.673882	14.87202868	5.475878	0.801138868	9.171257	9.259903869	13.19863	1.537433869	18.44925	1.84222869	1.577994	7.906803870	9.471287	8.38727871	11.53346	8.384516871	1.816854	13.34631872	9.03096	2.452096872	10.13553	9.687537873	9.428146	9.358188873	1.577663	16.37389873	13.38425	19.0131874	9.697836	10.18891875	11.38544	8.991886875	18.04587	16.29111876	5.885574	2.704317876	10.31451	10.33327877	10.04092	10.24929878	9.487101	8.849008879	2.068065	1.594239879	9.321266	9.723068880	1.054982	2.66353880	16.26255	17.20878
881	3.719855	19.05326881	11.94079	19.19617882	1.405215	3.352375882	9.802714	9.757813883	9.870236	9.505383884	5.443899	1.267846884	9.485598	8.851545885	9.958091	10.17363886	1.988641	4.881285886	7.358798	19.40522
887	15.52751	2.290036887	14.30345	7.683784
888	8.510767	8.409672888	16.67113	17.75861889	9.418771	9.556572890	9.505912	9.909393891	11.32186	8.588086
892	14.69345	1.597808892	10.47119	9.493247892	12.25076	15.79064893	3.431838	9.780234893	7.7831	9.263754894	17.92388	5.083244894	15.74074	14.2329895	8.668193	9.350828896	11.02574	9.519531897	17.36764	2.639373897	1.899933	10.58514897	18.81503	17.36299898	8.434583	8.516733899	2.608567	2.506212899	2.428006	12.56314900	9.831157	8.993902901	2.333384	1.672196901	9.815363	10.00388901	0.9348593	19.43572902	1.514009	6.517227902	9.444583	11.06267903	10.11264	9.727582904	10.24559	8.843673905	9.567359	9.51817905	19.27597	13.27419906	9.13741	9.628081
907	10.46331	8.660225907	6.483629	12.40479908	10.93395	1.375529908	18.76784	16.84382909	9.411519	9.612925909	0.5252301	9.49171909	8.397944	19.23561910	9.662852	9.637815911	9.809237	9.660972912	9.921013	9.339133913	1.180951	9.76461913	10.33587	10.42647914	19.04595	12.59326914	9.654515	19.04685915	6.7844	1.44757915	9.870073	10.26328916	9.007631	9.599182916	9.49951	18.71169917	9.284705	10.1962918	9.196668	10.08212919	4.771966	0.5868426919	10.58655	10.55324920	10.42601	9.45393920	0.9410823	18.87397921	9.567812	9.118535922	9.210008	10.09518923	9.880679	2.415044923	9.780789	8.637215924	9.095171	9.306329925	10.16185	8.47061926	10.26371	8.859041926	7.664985	19.29561927	1.776525	8.320305927	8.948384	9.551532928	10.22535	2.09945928	0.8668637	2.397359928	9.602667	9.368221929	8.74427	9.828156929	17.05782	19.03981
930	9.460722	9.457026931	8.62334	9.611359931	18.44387	13.59232932	10.50301	8.982985933	8.150998	1.135031933	9.891272	9.388891934	11.37348	7.857416935	9.086838	10.25637936	9.167786	9.623882937	9.12238	10.21879937	19.42314	14.97914938	4.712633	4.039198938	0.7584353	11.40445938	15.56569	18.69915939	8.029699	9.667426939	17.60818	14.13645940	18.68015	5.352091940	9.078751	9.266045941	10.15338	8.457608942	9.040686	9.77617942	17.9181	18.24315943	9.459464	9.318683944	1.009564	4.713886944	7.981472	7.439808
945	9.629722	9.574883945	12.61041	18.94804946	2.229973	6.833746946	9.323039	9.7057947	7.825762	9.487667947	5.96914	19.20872948	7.710716	1.208881948	19.48685	15.6746
949	18.7314	3.460433949	17.79787	13.6645950	11.20588	9.461111951	19.40855	0.8424361951	13.30117	12.83871951	8.754342	17.3852952	7.323871	0.9633537952	18.11122	13.52824952	8.809121	16.57597953	8.249681	8.689769954	2.52504	4.154381

955	9.187345	10.28775956	1.842683	6.402576956	9.404004	9.02502957	9.680249	9.22915957	17.36556	19.28024958	9.739497	9.459962958	19.285	15.85117959	1.817448	3.462524959	18.27826	17.73461
960	9.605371	10.19788961	10.28313	9.645106962	8.562403	8.680449962	1.732226	16.50605963	8.041729	8.362998
964	19.05382	7.240732964	14.38757	13.53517965	9.398171	11.48926
966	8.865849	9.814314
967	7.41035	1.89053967	18.39474	2.68645967	15.2865	19.0588968	18.51563	12.63466968	1.074036	13.59067969	9.03364	9.610334970	9.905808	9.495914971	9.841705	9.012278972	7.793747	10.51109
973	15.22216	17.72807974	9.117324	9.591403974	12.02054	19.17876975	9.290729	10.13784976	9.630316	10.03411977	8.323103	8.771224978	8.344638	0.8939947978	9.746054	8.951689979	9.878307	9.481143980	10.00745	9.006229981	1.361285	9.317179981	7.56921	18.14801
982	5.094965	1.078669982	19.37039	6.817669983	7.752611	9.14271984	9.367867	9.61326985	9.699101	9.660867986	8.383607	9.315855987	9.033267	8.929968988	9.319736	11.08447989	8.020623	1.058404989	8.877678	7.876066989	3.69276	18.09775990	10.31885	10.44643991	9.091796	9.833323992	9.793968	8.882025992	9.731703	11.12873993	9.095991	9.871242993	18.9808	13.02514994	19.27318	1.603606994	7.922595	9.354909995	10.09493	9.599987996	10.4117	9.941472997	8.419353	9.719264997	14.21293	19.18372998	1.672034	4.290822998	9.465717	10.12738999	9.547603	9.5730850	9.459442	10.441411	6.178865	0.88843171	9.432446	11.011152	18.64964	5.4974392	10.51359	8.5098693	10.08778	9.634014	2.866505	1.0178064	10.41021	2.4827254	15.64939	12.778755	18.32637	5.5170715	9.952223	10.102046	3.115601	1.9160756	9.321301	8.439777	7.511832	1.3296027	9.709758	9.2234087	1.822175	9.1551558	8.425932	11.140298	15.52082	13.327349	9.796021	8.5076479	1.210024	17.61052
10	9.526225	9.16859511	0.9647196	4.96670811	1.509285	14.2455112	10.92313	9.59236212	9.50838	17.1588113	16.55266	15.223313	11.16673	18.0884214	1.243368	15.6976814	12.62165	17.2330615	0.9065257	0.889808415	10.45984	10.0180116	7.352608	0.99094916	10.92391	9.36867717	9.186119	9.41819417	10.9458	19.0589818	8.996232	9.50747419	14.39756	0.67511219	9.160132	8.91513220	1.553678	11.0303720	8.902965	11.0167721	9.351404	9.78635222	8.941104	8.94309323	9.873786	9.47530924	5.166067	5.04222224	9.14993	9.76244125	10.99886	1.80397825	19.2529	6.37586525	9.012851	17.173726	1.33996	2.24056326	9.449103	9.29383227	15.0809	0.990875127	1.995639	3.59626228	17.70415	0.832963128	9.285302	8.8350729	10.41442	9.46898530	7.267337	1.53008330	9.701446	8.75336431	8.186816	11.4073331	18.72304	11.7582232	9.482799	8.82443332	9.226712	18.3796333	1.607232	3.23672833	12.9035	4.13123933	9.229923	9.65997834	17.95764	7.14249834	9.967846	9.10041635	18.77516	2.38907635	9.347635	9.39039836	9.583323	10.2007237	3.167483	3.63982837	18.96524	15.8700238	9.178132	9.47809939	2.998209	1.0381239	9.517597	9.03661840	13.01159	4.71242140	2.650681	18.3737941	17.38508	1.57903941	10.45653	9.52259142	10.19039	10.1630643	9.706286	9.60218744	17.31262	2.058602
45	2.576279	0.882979245	1.390512	5.48369445	9.966009	9.86794346	4.952422	11.5620846	18.97462	14.30223
47	9.308177	9.89620348	9.972282	10.2488249	0.795927	5.05394949	8.973253	9.39184250	9.593087	1.48153850	5.938026	9.76120650	10.0768	9.15194751	15.60112	11.6235551	8.983326	17.9004452	18.795	7.42067452	9.468261	9.90189153	8.90869	9.6773554	9.777748	9.40995255	0.6260033	8.53567755	9.991617	11.4241356	19.20672	6.53538356	6.480949	15.4210756	3.389197	19.1939957	1.527192	6.71239557	15.67405	15.1542958	9.585963	9.64370859	10.36632	8.73035859	3.986667	19.1977760	9.454974	9.64922361	15.95597	1.17599561	18.10581	16.8960461	2.047844	18.0894262	10.27837	8.69372662	2.205226	19.1698363	8.512071	9.30699963	11.00698	16.4389864	10.26995	9.63426165	10.78328	8.7378566	7.553229	15.3139467	18.28328	4.24454267	9.206782	9.20235368	9.261217	9.96445469	9.406218	9.73302669	0.9381848	13.351770	18.14674	1.11546570	1.079485	4.64326570	9.83309	9.17171771	8.043304	1.91431671	17.68241	1.37091971	0.9312454	6.33322472	9.54516	10.8001373	10.96791	8.61061473	14.65205	13.6567873	18.50291	17.9169674	9.305083	8.90749575	1.337044	2.916359
76	1.901051	6.95093976	9.335681	9.27635977	17.94991	6.29444777	9.967256	9.63684777	8.293096	18.7161578	2.544358	6.98796278	7.88955	7.46819478	5.068233	14.9436279	9.199781	9.27238480	8.807105	9.46098881	8.838303	0.694676381	1.581417	1.41263781	7.852599	9.63476882	9.299167	10.1865983	4.068911	6.67354483	6.820767	18.2361984	1.355787	9.57030584	9.891324	9.03818885	9.177672	10.28286	19.28474	12.0140286	1.075698	16.3843587	0.9273945	8.17631187	9.395192	8.492425
88	8.602427	8.97100189	11.81198	0.651489189	18.65182	3.02379289	9.139107	9.47529790	2.565659	8.52406590	9.64675	10.3857291	17.94033	0.872939391	8.579276	10.2944591	1.972065	18.4006592	18.58868	4.25159392	9.721299	10.2035693	9.600577	10.072993	19.25043	11.5369294	8.297038	8.26232195	0.8691049	9.85644195	10.373	9.65884396	12.29639	1.52364196	1.236536	2.758915
97	8.744818	7.4857498	9.140512	9.19987199	9.790033	9.841683100	17.58191	1.57214100	8.892923	9.522122101	5.474645	5.638502101	9.667033	9.670421102	8.707715	9.491652103	9.6754	8.914133104	18.33241	1.130473104	18.44458	8.632499104	6.126364	19.33026105	10.66348	1.775599105	9.591244	9.762447106	8.948803	9.918242106	3.583196	18.43175107	10.31066	8.83435108	17.94929	2.679879108	8.305656	10.01258109	1.735265	0.6735698109	17.81325	7.266231109	1.40384	14.2755110	18.90772	10.1399110	6.394779	18.71353111	2.212186	6.741039111	9.311221	8.616994112	9.602206	8.792469113	11.23045	9.43989113	18.84495	12.59927114	9.000822	1.89126114	9.92406	10.73401115	19.07559	2.053392115	9.713353	9.226091116	10.14186	9.439944116	2.044088	17.70964117	10.0211	9.192579118	17.59416	6.127449118	8.949404	10.28082119	1.780653	1.787661119	8.901978	10.22999119	18.29894	17.43291120	7.746395	6.73255120	18.72917	11.73287121	9.176254	1.095456121	9.648947	10.48748122	8.401456	8.78084123	1.86239	9.300782123	9.795486	9.614156123	10.33772	16.54119124	9.47562	10.44818124	19.28699	19.5125	9.640585	9.749519126	16.78541	0.8326255126	9.205236	9.976186127	9.322688	9.71765128	10.25949	10.74575128	18.26089	12.12756128	12.80101	16.83361129	18.42056	1.874087129	8.51901	2.343773129	15.26185	15.94793130	5.958284	18.34617
131	10.15441	9.936374132	10.30635	9.129077133	10.80019	10.20345134	17.05826	0.7419594134	0.7648714	8.08394134	5.062247	17.78918135	0.5884675	0.7579433135	9.571992	8.322755135	17.6989	18.50999136	11.14019	10.09072137	9.833076	9.342702137	13.40733	17.30513138	12.06873	0.8725463138	1.577439	1.770855138	10.5045	7.206462139	1.215181	1.586078

140	10.4201	9.714141140	13.64624	18.22478141	0.8659228	14.34045141	19.38242	16.29896142	1.389435	4.469577142	10.02571	10.39041142	16.85601	19.02622143	7.727286	9.664949144	18.87465	6.556904144	2.427197	9.215051144	8.613908	9.665758145	9.541611	9.406087145	6.410256	18.45833146	0.8842681	5.956133146	9.746713	8.428291147	9.236341	9.641385147	18.42351	18.43064
148	9.623123	10.01554149	10.55686	8.994827150	13.91199	1.080899150	0.8692077	4.016651150	4.922467	18.16974151	9.601622	9.514554151	16.51134	12.93138152	8.512427	9.06978152	18.97846	8.804352153	3.384916	14.42956154	7.293243	10.00494
155	11.04301	8.795147156	6.581797	3.841465156	9.597978	9.442967156	17.48536	10.41103157	14.99994	0.7837616157	5.414767	15.31292158	19.18685	0.7138206158	9.496228	9.790044158	1.595883	14.19101159	10.03689	10.43231160	9.647616	9.92716161	6.355747	16.75275161	18.50938	17.77919162	16.61832	7.86308162	4.329911	14.9195
163	7.606563	8.520823163	4.865805	17.09473
164	9.413406	9.408868165	5.083649	1.477088165	11.15839	1.891252165	4.324002	17.60433166	16.44315	6.247128166	18.23061	14.56784167	9.622037	9.720598167	0.9648587	15.02007168	18.70275	4.242737168	9.718553	10.03129
169	10.68948	9.474439169	15.81157	18.62683170	9.945674	8.476457170	18.50701	15.58381170	4.58122	19.02217171	10.16932	9.626514171	19.10463	17.50422172	0.6756913	6.03267172	5.094544	9.380486172	7.506518	18.64028173	16.12127	7.952892173	8.712308	10.47646174	9.353384	9.83203175	18.25268	10.04161175	15.34603	14.89539176	9.377717	8.781355176	19.09148	9.029493177	17.6179	7.392552177	9.415294	9.602132178	10.55968	8.489812179	1.497947	5.218493179	3.805975	15.76794179	12.62515	15.03219180	8.632928	10.57859181	8.046364	9.613098181	1.569709	17.94325182	12.78854	4.200978182	10.29993	9.37056182	18.93374	13.78654183	9.538199	9.783895183	18.14054	10.03134184	13.28614	0.932602184	8.758348	9.472574185	9.606708	9.447963186	9.022189	9.416519187	8.844954	10.3611188	0.9570401	1.594742188	8.786296	10.78265189	3.846073	1.259745189	9.560327	10.41467190	1.506162	6.101519

191	14.56978	1.277312191	10.23227	11.95809191	16.22888	14.20441192	9.451555	9.744208193	10.77742	1.820356193	10.1788	9.892367194	19.42665	4.126776194	9.768033	9.152168195	8.520512	8.643348195	16.76857	18.51611195	8.467004	19.00334196	6.327404	3.41719196	18.96018	9.686599197	8.046857	9.384574197	5.538918	15.29067198	9.264691	9.556514199	13.3891	17.76458
200	2.454874	12.12974200	1.749753	17.47578
201	10.20874	8.920259202	9.576124	9.736938203	10.03798	8.654868204	9.39342	8.589235205	0.8878883	5.223083205	9.985867	9.500531206	15.01962	1.905537206	7.647779	16.26428
207	10.08379	9.611165208	0.7538627	7.002966208	9.330829	8.779155209	0.7340748	5.673238209	18.45527	15.23676
210	9.27031	9.524419211	7.727672	1.853372211	8.759239	10.342212	9.335699	9.266026212	15.47806	12.66632213	9.812337	10.18687214	9.580257	9.463257215	2.078243	3.063758
216	9.054331	8.639742217	19.15044	2.057907217	9.815167	10.50096217	2.317855	14.6374218	15.15425	0.9311719218	9.557322	9.57009219	9.241586	9.233925220	9.931044	0.7328228220	8.55538	12.00013221	9.759466	10.03694222	1.521661	2.574674222	9.551172	8.966096223	8.288735	12.02478224	6.682914	1.716791224	8.575788	9.709344225	8.695759	9.504156225	10.90868	13.41231226	9.259723	9.358426227	5.481989	18.04415228	3.181733	1.083516228	19.17808	11.35869228	12.5187	19.1016229	5.125721	4.781136229	10.23356	9.955124229	18.53935	10.05345230	10.27364	1.614141230	19.10661	17.53643231	8.896604	9.926223232	9.019595	9.479833233	12.8816	1.212586233	9.049267	8.953373234	9.448703	10.02332235	8.982787	8.250016236	8.736782	9.563543237	0.8338312	0.9479018237	9.356971	9.554101238	9.716068	9.676667239	10.11038	10.65941240	13.32577	3.063528240	8.636159	9.631256241	10.16092	9.496405241	17.60393	19.0217242	12.59599	6.082985242	8.722732	9.94643243	9.434383	9.32788244	9.609349	7.717034244	18.6078	15.65311244	13.19376	19.15892245	8.637746	7.990734246	10.61587	8.893119247	8.96519	9.761468248	6.59731	3.326927248	8.858418	10.05203249	8.860466	9.252295250	10.4184	8.626026251	12.24033	2.383438251	9.944449	9.139601252	9.371447	9.912573253	8.709337	10.27627254	8.574758	10.01242254	11.61013	19.32753255	10.40864	9.788207256	9.256741	10.05263256	17.46279	15.68582257	10.36851	9.154814258	8.952143	9.506044259	9.629488	9.316217260	9.992435	9.541614261	1.047384	9.495347261	9.61109	10.54402262	9.492135	9.280115262	18.79708	14.33018263	11.08261	10.74261264	1.339548	4.508379264	9.631953	9.612598265	9.305197	9.799207266	9.475076	9.296865266	18.94028	19.27799267	10.36638	9.059324267	8.893972	18.53106268	10.10268	9.918151268	10.15769	18.89566269	9.735819	9.949148270	9.520308	7.960794270	8.437113	16.80177271	9.016748	10.47243272	9.622469	9.408752272	18.95639	11.85148273	13.49674	2.197016273	10.05352	9.008267273	18.07976	14.89393274	18.47844	7.462568274	6.936021	18.24293
275	19.04585	7.71259275	7.977617	9.835746275	2.482502	18.22537276	8.912151	7.904799277	18.49076	4.71019

278	8.811357	10.45291278	17.40365	18.58002279	8.840755	8.578625280	9.403759	8.796773281	9.295275	9.333741282	5.970577	0.6971886282	9.607906	10.0924282	0.7026554	14.85236283	9.341578	9.677761283	15.34229	9.721948284	15.28704	8.089151284	9.287119	8.910851285	8.724951	9.88024285	10.40993	15.57426
286	16.69856	2.360225286	17.75632	12.71252286	12.9704	18.53634287	10.30126	9.230775288	9.562791	9.289001289	8.840094	9.694849289	0.8573852	11.14586290	10.2392	9.322335290	0.892114	9.935136291	9.430776	10.78381292	10.09254	8.944579293	2.22414	5.784022293	17.84228	6.949909294	10.02291	9.272306295	18.54735	9.649927295	19.18455	14.78202295	1.004775	17.29056296	9.602963	9.593977296	18.19758	15.68109297	8.928623	5.888155297	11.05177	18.28571
298	0.9606004	1.694278298	6.180389	9.013728299	8.48229	8.583191300	0.9733427	2.45877300	9.54725	8.654556301	8.949053	8.991325301	8.440495	17.27639302	9.265591	9.071803303	9.485789	9.346649303	6.722543	14.68858304	1.909834	10.99105304	17.65192	15.17778305	9.665959	10.37417306	9.322515	9.404958306	9.626247	19.12047307	10.64985	9.859483308	9.820248	10.14803308	18.22011	18.97924309	8.622269	9.750381310	9.513828	9.43775310	6.401427	19.15295311	9.582253	9.412637312	2.985569	6.371992312	9.501602	8.721349313	7.086337	1.732092313	8.85063	9.998198314	10.18331	10.11917315	7.513418	10.4126315	11.29496	17.62039316	8.520125	9.308908316	1.369317	15.08311317	10.21776	8.732546
318	9.252731	9.565166318	1.46686	15.48467318	18.05488	16.34187319	15.5192	1.025513319	9.836967	8.560353320	9.844082	10.09122320	8.296254	18.61035321	15.77979	2.512888322	9.65371	1.62757322	9.932274	10.32594323	8.918207	0.8756797323	1.227572	8.32913
324	9.868621	9.691168325	9.855335	9.893609325	2.103723	18.58897325	10.70143	19.03844326	1.820573	2.423946326	7.768463	14.13543327	9.336315	11.41653328	8.98346	10.01606329	8.63598	10.0712330	9.798815	10.0643331	18.58161	1.032533331	17.3939	19.03209
332	10.28065	8.678213333	10.20331	9.557999333	1.165426	19.27264334	10.95799	2.482451334	1.775327	2.037838334	2.577269	18.91286335	9.477956	8.085328335	18.7049	13.37575336	9.9102	8.359399336	18.24305	15.52633
337	8.766652	9.708107338	17.79849	0.8869783338	4.448948	15.0429339	9.456902	8.762657340	9.762651	8.892469341	11.4472	10.03944341	5.290919	19.02319342	9.435681	10.20406342	2.39416	12.94354343	10.0817	9.557274344	17.98846	4.667976344	17.79267	18.4763345	1.848838	1.286242345	7.559228	0.9666308345	2.420263	7.190855346	1.383525	6.330513346	10.26028	10.21299347	8.387624	8.775774348	15.00048	1.609966348	10.89071	9.910673349	3.070858	17.84923
350	9.409801	9.442198351	19.29505	11.28236351	3.164053	12.3149352	19.0979	3.193151352	10.12414	9.572713353	9.607394	10.45073354	10.30028	10.13578
355	9.916445	9.520192356	9.577306	10.29444357	10.03197	10.37464357	0.6113802	19.29266358	1.526327	7.183081358	9.893103	9.455997359	16.59969	6.691896359	9.849367	11.52337360	9.723749	10.20261361	18.61094	1.953658361	10.22145	8.466171362	9.270262	9.56505363	18.82373	6.600354363	8.925141	10.08403364	9.343234	9.308858365	10.50515	9.561281365	18.34659	18.68418366	8.806381	8.081416367	1.13607	2.609988367	10.98007	8.7603368	9.713557	10.02619369	9.46409	9.445495370	10.0398	9.349119371	1.710639	2.462414

372	9.476614	9.585896373	9.964834	9.650571374	0.9282584	9.267878374	8.519028	9.966376374	4.682805	17.32068375	10.47841	9.319503376	9.77772	8.750346377	12.03605	0.9199085377	10.37199	7.329162378	9.08844	8.900935379	9.823706	9.03739380	9.679473	9.386816380	17.30644	13.99426381	10.50734	18.80623382	9.301021	9.540286383	10.75604	10.49417383	7.966854	19.1072384	1.209783	6.743418384	18.18134	6.660863
385	10.04442	9.449246386	9.555737	8.986306387	9.428245	9.229541388	9.941477	9.499498389	9.26583	10.06324390	3.01004	18.53307
391	19.2739	7.350057391	18.44302	14.49067392	10.69816	0.7022818392	9.449406	9.399263392	0.8644153	19.48215393	9.713704	9.767738394	14.99303	1.497324394	5.156051	18.69779394	10.8835	18.34957395	9.379906	9.248186396	1.625706	2.211212396	18.93279	9.503628396	6.399892	17.55846397	8.325739	9.311773398	18.39189	5.276205399	1.229672	15.72766400	14.9693	1.348621400	9.681918	9.581719401	0.7496263	2.153246401	8.491318	8.947985402	10.35917	10.64719403	10.14322	9.66905403	18.37519	18.15889404	8.074405	10.12607405	10.14709	9.499735405	1.961168	14.22399406	8.658128	10.27049407	13.46247	7.10392407	9.213886	10.0447408	9.000778	9.397243409	7.926557	9.989797409	16.43927	18.13952410	9.245997	9.667754411	8.737878	8.879626411	8.648503	18.6026412	9.564049	10.52561413	8.670602	9.572435414	12.53445	0.9845697414	16.75055	18.2503
415	9.280908	9.99754415	6.680022	15.65756416	9.900822	8.462996417	8.974349	9.873363418	19.07194	7.678901418	8.362219	9.612185419	19.22883	9.507606419	10.51741	10.15018420	9.75671	10.36307420	7.379007	17.91683420	14.04869	18.95101421	1.540412	9.589824422	8.43228	10.14801422	3.500004	15.63991423	10.44044	8.637487423	11.57535	17.71906424	9.813013	10.34033425	9.184441	10.14977426	9.796703	9.385746427	9.250512	8.939483428	7.551229	1.938432428	2.813245	9.915532428	8.63903	9.394576429	9.974337	8.8341430	9.823712	8.643957430	9.474886	12.30141431	14.2133	13.30285432	3.097644	1.054451432	1.392339	16.07537
433	18.73604	3.753736
434	7.512009	8.940399434	18.97531	8.50421
435	8.667512	9.253374436	15.97535	2.590264436	14.92933	11.57739
437	10.51078	8.991376437	3.340121	17.57533438	11.03293	9.980734439	0.8797251	7.985381439	4.512614	18.81807440	1.951715	5.792186441	10.3619	9.177195441	2.487658	11.12037442	17.75952	1.533397442	10.28078	9.303305443	9.507367	9.65278444	7.665528	18.13549444	14.36028	18.60379445	10.14487	10.45698446	16.80282	1.250405446	2.027266	5.864677446	10.33828	9.550056447	9.067547	10.45106447	14.69336	12.3233447	14.05362	17.82921448	9.401569	9.655235449	8.788222	9.222772450	8.58602	9.049264450	10.97463	18.74255451	9.394512	9.547964452	9.815213	10.21136452	15.42235	12.60051453	9.483199	9.410833454	10.10798	9.231493455	18.73186	7.880633455	9.396805	9.764459
456	9.947342	9.232931457	9.716827	8.788004458	4.990894	1.037225458	0.8097812	3.183324458	11.39795	10.11941459	9.302802	8.951002459	4.499285	12.55774459	0.9151403	16.64015460	9.763422	8.868065460	19.19584	10.54857461	5.469783	0.9876193461	2.797608	9.710952461	19.23413	14.33285462	9.30647	8.974318463	9.652041	8.809748464	0.7402648	2.751054464	18.74362	7.157707464	9.343769	9.09552465	9.637938	8.963766466	9.431211	9.673112467	10.05862	3.409981467	18.33309	8.591722467	9.363408	9.751209468	9.02569	9.503627468	12.19013	9.065759468	11.00764	15.78732469	8.874911	10.50212469	18.48028	15.34593469	15.04501	19.2939470	11.98089	8.008273470	18.54853	7.527864470	2.588192	10.34791471	9.442319	8.965811472	8.392155	9.93472473	7.572927	1.42921473	2.840728	17.7829474	9.283201	8.728108475	9.003995	9.635767476	13.65792	1.409733476	2.72451	8.117589476	8.51209	10.682477	10.24044	9.67623478	12.54108	1.055883478	17.78435	8.323668478	11.41869	9.967546479	12.26242	0.7727835479	12.28093	11.46651480	18.06322	9.616938480	10.74915	18.48241
481	9.540297	9.380851481	2.232453	17.33566482	9.375088	10.04008483	9.404789	9.439015484	9.230634	9.779872485	9.293111	10.28709485	0.6953331	11.39873486	9.03849	9.747735486	3.240388	18.31753
487	9.21649	9.798281488	12.09097	10.20837488	17.76956	15.25676489	9.601447	9.328921490	9.336432	9.477243490	17.99152	12.16432491	8.776361	2.969285491	18.99591	10.75925491	4.502996	19.2359492	7.528073	2.672219492	16.53059	3.160075492	0.8335411	10.26631493	7.129103	1.041134493	1.233853	7.576704494	10.37555	10.21765494	16.5737	14.73342495	9.300053	9.193969496	8.526472	4.295236496	2.069073	4.980293
497	9.498497	10.4478498	17.55648	1.724237498	18.52266	7.358213
499	9.684079	8.368442500	8.970407	9.34572500	11.99905	18.97843501	9.55391	8.422389502	9.846836	9.475915502	1.019399	19.38611503	9.892378	8.466538503	18.03428	10.7926503	6.564233	19.24475504	1.371062	14.12211504	12.13845	18.48361505	10.53908	8.874179506	5.780221	0.9394591506	9.492361	8.951683
507	9.804189	9.911398508	9.453259	10.16374508	1.4669	11.86475509	18.11341	16.75185509	15.88859	17.4465510	10.33572	8.769655511	8.76455	10.39039512	17.24534	1.639274512	9.437533	9.317462512	19.11945	18.91837513	8.70353	9.535613513	1.922666	18.23685514	10.91357	9.376908515	9.217927	10.50792515	4.676811	18.24486516	9.328493	9.653757517	10.1798	10.6012518	18.44831	2.139873518	14.36708	18.76644519	13.46124	1.619869519	8.963697	10.53619520	9.860172	10.01997521	18.34465	10.967521	1.623518	16.51078521	18.22099	17.43911522	10.40208	9.39292523	11.0394	10.79517524	9.38258	8.411464525	9.789203	10.02806526	3.604101	0.6205923526	8.980686	9.972839527	8.565926	8.865848527	15.68457	16.60125528	12.60564	1.60262528	9.53327	8.969968529	9.778502	8.813772530	9.95615	10.18925531	12.79908	0.7655313531	9.172941	9.251836
532	0.645852	4.418246532	1.459002	17.40681533	9.618269	8.56461533	8.499414	19.16123534	8.796935	10.65415535	9.561845	9.790234536	9.211736	8.878304537	10.93157	10.17076538	18.05029	9.300149
539	9.740202	10.20257539	18.37304	11.5364539	9.357037	18.63244540	17.54988	12.03613540	11.90498	15.69007540	2.089223	17.50517541	13.10696	13.50579541	8.831117	19.12445542	7.784372	17.66177

543	9.974515	8.891287543	1.038496	13.10816544	12.08509	1.07232544	9.581894	9.095001545	9.726146	10.08389546	8.61086	10.11357547	9.818053	9.174736547	15.41452	18.16093548	8.922744	9.062844549	16.91007	6.8806549	10.10414	8.607052549	9.094331	18.1683550	9.844352	10.21368551	10.15729	8.737021552	18.77695	2.8923552	9.956665	9.41962553	9.473992	8.527677553	15.52619	18.54817554	10.07167	10.32166
555	8.098547	1.698175555	10.89818	19.27363
556	18.94673	8.134253556	9.356324	9.228044557	10.00042	9.591562558	8.854152	9.491755559	9.171194	9.557848560	9.566087	9.623511561	9.420512	8.504324562	9.611298	4.851259562	13.56557	18.28177563	10.00092	10.27311564	3.099893	1.257547
565	9.872759	9.351959566	9.326937	8.465848567	9.352983	9.78321568	17.52463	0.7529664568	9.595775	9.157612569	10.07765	8.492306569	8.848508	15.88297570	8.709738	9.254361571	14.61862	1.952484571	19.33354	6.564557572	9.718706	8.913847573	19.08307	8.915083573	9.458753	9.312404574	9.869032	8.717893575	0.8742751	8.324345575	8.919972	10.71485576	3.729277	5.129119576	4.17559	19.00071577	9.974765	9.761166578	5.54388	2.676892578	9.901578	9.700822579	9.511056	9.240669580	9.598258	10.57685580	7.16188	19.07269581	19.24836	8.347049582	4.806077	17.33636
583	10.4324	9.670927584	1.505748	16.27728
585	2.231998	16.8618585	8.870487	17.61409586	1.085822	5.787396586	1.522058	17.23585
587	9.240658	8.496527588	10.47875	10.02791
589	9.253161	9.597935589	14.86738	18.79518590	9.165525	8.982143590	18.59624	15.74223590	2.078506	18.18738591	3.160585	1.208362591	9.655932	9.267711592	9.428797	9.574413593	9.00209	8.915709594	9.755171	9.377013594	17.74847	19.1769595	7.723618	10.5685596	9.60677	2.375175
597	8.762081	9.594739597	4.718098	16.74183598	14.49844	5.225648599	5.94647	1.651884599	13.29233	17.21285599	18.28498	18.4086600	9.894733	9.230877601	9.256241	14.78395601	5.533161	19.27732602	2.115365	6.675847
603	1.097651	7.947037603	8.598441	8.372288604	9.814935	9.762847605	9.634288	8.51345605	19.36695	15.62925606	9.671734	9.26665607	9.475412	8.724669608	1.016331	1.582572608	1.838537	7.281436608	4.677519	18.96448609	8.185248	1.903554609	18.38783	3.540617609	9.472546	8.643004610	9.270364	8.773583611	1.338142	7.226662611	11.25882	9.327487612	9.401843	9.727962613	9.11607	17.94436613	14.60873	18.51265
614	9.944685	8.681949615	2.66607	3.799434615	10.01418	9.978292616	18.60511	4.641814616	0.704146	15.50082
617	5.276391	2.479211617	8.531843	9.48268617	15.59218	14.12937618	8.79586	9.704841619	10.42791	10.26183620	8.822873	8.546115620	18.97148	12.88125621	9.355806	9.965841622	8.313305	0.7150853622	8.526142	8.630266623	14.80267	2.622859623	10.33876	6.909158624	10.1168	9.29293625	9.425051	10.55008626	1.185052	2.268575626	8.342738	16.69936
627	18.30617	7.847415627	9.037121	9.142815628	10.07903	9.572491629	9.77689	9.471378630	9.629706	10.14849631	9.197147	10.55841632	2.866776	1.285579632	9.09167	9.469097632	1.591667	15.76541633	10.49859	9.327301634	9.626478	8.866816635	8.671283	5.532212635	7.67738	9.508776636	8.477026	9.622006637	8.70708	10.46615637	10.29194	18.44036638	9.123318	9.313869639	9.273943	9.596283639	16.81448	10.68649640	18.2034	4.894484640	0.7568749	8.167348641	8.927534	9.724504642	10.70454	1.711673642	1.666341	1.554692642	10.54321	8.65077643	8.333583	8.368147644	2.797487	3.114488644	11.26386	10.03834645	17.12229	0.6559162645	0.7970512	2.647277
646	7.811462	1.126521646	9.271038	9.370092646	1.744844	18.68524647	8.439348	9.137584648	8.738927	11.39564649	1.439866	2.131476649	10.13207	9.571405649	1.193198	13.50966650	19.17446	5.571826650	9.19351	9.672835650	1.663658	11.48799651	6.263967	1.095363651	9.175099	10.17863652	9.229628	8.75344653	8.96674	8.977901654	1.292458	0.5287142654	8.267436	8.646846655	8.567209	9.098337656	9.752276	8.567308657	9.617753	9.574796658	9.76392	8.262614659	2.964587	1.566868659	19.05686	12.89967
660	9.405822	8.699764661	9.183228	8.464502661	10.17533	17.37314662	19.04906	5.12013662	1.001561	6.799311663	14.66366	9.453518663	9.90747	18.51147664	9.340556	9.08028665	8.548973	8.936137666	10.08592	10.86757667	18.63696	1.349843667	9.672385	9.601265668	9.914693	9.27409669	0.6213542	4.057554669	8.657448	10.24852670	10.78114	9.326422671	2.245255	1.723957671	10.13058	9.975062671	14.27188	16.94581672	9.106632	9.982289673	9.726445	10.62396673	3.857677	17.22705674	8.894474	9.04562675	1.30138	7.950486675	10.23209	9.464447676	9.518132	9.963837676	12.91955	9.136492677	2.732466	1.069907677	10.01595	9.297991678	16.4728	5.758964678	8.174395	9.85473679	9.508471	9.214441680	8.54982	9.332285681	0.7288891	0.6599678681	4.08734	6.256663682	9.097238	8.627961682	17.91216	18.90705683	9.632725	9.802852683	1.055256	16.52332684	8.663074	9.114876685	8.482923	8.724011686	6.853076	0.6767508686	8.930653	8.452299687	2.056901	1.95365687	1.913941	8.947948
688	18.96345	2.954893688	8.311838	8.856278689	10.05977	9.390338690	9.780555	9.865542691	8.871647	9.120921691	19.28538	15.68543692	8.950411	8.623544693	13.15021	2.372477693	18.10622	6.710652694	1.91166	2.299623694	12.72501	12.64253695	17.57609	3.655928695	10.10174	9.446239696	19.33627	0.689315696	13.94934	2.618958
697	17.12218	3.075078697	8.834766	7.970003698	9.694282	9.649006698	15.35838	15.1157699	6.251865	1.276836699	9.640954	9.392996700	5.32365	2.460155700	8.035322	9.512657701	8.581208	8.794438701	15.37246	18.78984702	17.02029	0.6945341702	2.852768	6.572712702	17.74952	12.41351703	9.754807	8.413904704	10.12598	10.16739705	10.4384	9.984311706	9.744614	10.27077707	17.01743	0.7556072707	8.973846	8.639724708	5.029031	1.304183708	8.594492	9.719295708	19.0365	14.00101709	9.512099	9.776992710	10.32174	10.31825711	9.991478	9.63559712	16.69308	11.85899
713	8.716743	9.908665714	0.8598675	3.266464714	9.486722	8.809296715	8.989955	9.627688716	8.533678	7.817524716	18.66544	10.76939717	9.813322	9.702326718	1.257093	9.809888718	19.12021	11.28563718	13.75553	16.69432719	8.664135	1.913537719	9.593548	10.61072720	9.730021	11.18433721	1.506847	7.282296721	18.99664	9.15594722	0.6632712	2.494542722	9.291515	8.161183723	8.744213	10.12151724	15.52085	1.743887724	8.313082	9.945499
725	5.611526	1.803649725	9.602713	8.826328725	8.673181	18.10861726	7.748172	10.75385726	19.26815	10.93675727	9.645816	9.771438728	10.28919	7.570051729	9.377044	9.251298729	0.80544	13.50815730	10.02875	9.501045731	10.56362	9.671551732	10.44722	10.23713733	10.82568	1.601855733	19.02783	1.364224734	9.560782	8.763739735	10.17879	9.238622736	9.522036	9.722934737	9.186636	9.619707738	16.52217	7.276731738	9.963884	9.589086738	8.33293	19.10722739	13.58041	0.6883868739	9.711883	9.420862740	8.716428	10.05752740	0.7966328	13.52184741	10.03363	8.772731742	8.271034	9.653968743	16.38309	1.531759743	2.651625	5.8518743	10.33463	13.99115744	9.275294	9.450707745	2.924609	5.18873

746	9.490758	10.22828746	3.435172	19.29955747	12.46867	0.988332747	10.90781	5.723493748	17.79139	12.21536749	8.5459	8.63149750	4.162845	0.8930267750	8.64505	8.999284751	9.646175	9.841822751	19.17821	15.13128752	18.75602	3.867441
753	16.36755	0.8213217753	4.473384	2.383299
754	10.3233	10.42131755	9.57272	7.813165756	10.4082	9.271916757	7.046679	2.274137757	9.275459	9.021415757	18.54663	18.90057758	10.3736	8.934823759	8.993448	9.363191759	11.22069	19.24728760	8.899075	7.84366761	8.906576	10.23002762	9.05583	9.481316763	9.491373	9.206746764	9.596387	8.865825764	8.657431	17.76585765	15.42779	5.049084765	9.146559	9.186659765	1.809819	12.58408766	4.420572	0.9382604766	9.12861	8.496539767	3.386373	8.21312767	9.632518	10.68572768	8.999975	9.195334
769	19.14442	2.96755769	3.855085	17.14617770	0.9833437	1.698578770	8.884469	9.69519771	7.918571	8.804552772	9.090036	10.15259772	15.11797	17.54004773	10.22511	8.291202774	9.23831	9.243206774	17.37779	17.63414775	9.61048	10.91647776	9.970175	9.351134777	9.155181	9.123455777	5.219594	18.76296778	10.14331	9.51089778	4.388902	15.31561779	16.90767	6.899256779	9.901682	8.308735780	9.392385	9.650661781	8.991744	9.386039782	18.23206	10.82149
783	1.915689	12.50618783	10.32679	11.25116784	1.280876	4.848556784	12.15931	9.483015784	2.226616	17.74501785	8.938233	8.711452786	2.185186	3.232566786	15.03209	11.94467787	10.37598	8.429086788	9.236438	8.660654788	2.117118	16.5344789	8.668967	9.460919790	1.654829	13.62762790	14.78801	19.10711791	7.432606	6.932208791	1.39837	8.472253791	3.291143	13.86394792	9.905867	1.573535792	10.07611	9.966058793	8.378189	9.338237793	14.69551	11.27531794	9.188338	9.209973794	1.260271	17.49775795	10.16617	9.630653796	7.778251	9.927962797	10.34671	9.965141797	17.09446	9.610663797	18.9036	15.10448798	9.115248	9.982584799	1.418281	0.9403047799	9.418677	10.59229800	8.474865	8.868723801	1.430296	8.284562801	9.331668	8.949306802	10.27413	9.181476802	3.922112	17.40627803	8.870499	10.50198803	18.05385	10.16942804	10.05462	10.16287805	17.93385	7.025622805	11.55823	8.343203806	16.08066	1.436696807	17.46653	5.356798807	8.614668	8.737752808	10.30656	9.975406809	9.124404	9.520157809	17.33704	11.58708810	0.9973872	9.005178810	10.39553	15.22431811	9.605237	10.23706812	9.778067	8.951748812	17.79869	17.60229813	0.8373411	3.128727813	9.682783	9.389412814	16.17175	5.239325814	7.415948	18.55268815	8.611872	8.091947815	1.477494	13.59884
816	10.48606	8.53528816	17.71454	19.25566817	9.372753	9.091928818	9.498384	9.76806818	11.30473	18.88046819	9.576094	9.218773820	9.760886	9.75051821	9.35716	9.780694822	4.962327	0.68041822	8.875255	9.571714823	10.27667	10.04503824	9.889791	8.483314825	9.74206	9.070053826	1.550783	17.31374826	7.295748	18.51662827	6.347699	1.063453827	0.5	15.19279827	5.345816	18.5798828	2.398029	7.828037828	10.03514	10.39391828	18.38034	18.03594829	17.06326	14.01478
830	9.404439	9.476324831	9.967601	8.486132832	8.583739	10.58408
833	10.9089	9.170568833	18.59714	17.91815834	10.08582	7.963642835	9.300151	10.30567835	11.30487	17.5132836	10.67675	7.986572837	9.62482	9.361459838	7.558157	1.515988838	5.93759	5.884007838	10.33274	10.61489839	10.5571	8.464233840	9.405752	9.182437840	7.563915	19.13365841	9.480747	8.426316842	9.603384	1.377648842	9.544788	9.356177843	9.700661	10.1403844	10.28137	9.717433844	18.70286	12.56367845	9.600011	10.1105846	9.717669	9.849616846	12.00436	16.64573847	10.18466	0.8820239847	9.794744	9.403087847	19.04106	15.28359848	10.08079	9.488568849	8.218492	0.7954249850	15.67108	0.7706058850	10.45652	8.785519851	8.804853	1.117025851	18.3812	1.558076851	11.40025	9.521741852	8.49895	10.35798853	9.557636	10.40216854	8.683172	10.23834855	19.11234	7.416746855	1.609272	12.04681855	5.076241	18.31234856	9.531831	9.819963857	10.10109	0.8215245857	1.57746	15.73213858	10.71049	9.297008859	9.159024	10.11915860	9.586541	10.05881860	19.26305	13.40899861	17.28601	0.9549577861	9.615485	9.639402862	9.043553	9.064272862	17.0232	18.01971863	10.65242	17.84419863	4.831779	18.66226
864	9.37318	10.04023864	4.856651	11.40585865	9.208383	9.917124866	13.39136	0.9232627866	9.530069	9.110288867	9.029631	1.149359867	1.673882	14.87202868	5.475878	0.801138868	9.171257	9.259903869	13.19863	1.537433869	18.44925	1.84222869	1.577994	7.906803870	9.471287	8.38727871	11.53346	8.384516871	1.816854	13.34631872	9.03096	2.452096872	10.13553	9.687537873	9.428146	9.358188873	1.577663	16.37389873	13.38425	19.0131874	9.697836	10.18891875	11.38544	8.991886875	18.04587	16.29111876	5.885574	2.704317876	10.31451	10.33327877	10.04092	10.24929878	9.487101	8.849008879	2.068065	1.594239879	9.321266	9.723068880	1.054982	2.66353880	16.26255	17.20878
881	3.719855	19.05326881	11.94079	19.19617882	1.405215	3.352375882	9.802714	9.757813883	9.870236	9.505383884	5.443899	1.267846884	9.485598	8.851545885	9.958091	10.17363886	1.988641	4.881285886	7.358798	19.40522
887	15.52751	2.290036887	14.30345	7.683784
888	8.510767	8.409672888	16.67113	17.75861889	9.418771	9.556572890	9.505912	9.909393891	11.32186	8.588086
892	14.69345	1.597808892	10.47119	9.493247892	12.25076	15.79064893	3.431838	9.780234893	7.7831	9.263754894	17.92388	5.083244894	15.74074	14.2329895	8.668193	9.350828896	11.02574	9.519531897	17.36764	2.639373897	1.899933	10.58514897	18.81503	17.36299898	8.434583	8.516733899	2.608567	2.506212899	2.428006	12.56314900	9.831157	8.993902901	2.333384	1.672196901	9.815363	10.00388901	0.9348593	19.43572902	1.514009	6.517227902	9.444583	11.06267903	10.11264	9.727582904	10.24559	8.843673905	9.567359	9.51817905	19.27597	13.27419906	9.13741	9.628081
907	10.46331	8.660225907	6.483629	12.40479908	10.93395	1.375529908	18.76784	16.84382909	9.411519	9.612925909	0.5252301	9.49171909	8.397944	19.23561910	9.662852	9.637815911	9.809237	9.660972912	9.921013	9.339133913	1.180951	9.76461913	10.33587	10.42647914	19.04595	12.59326914	9.654515	19.04685915	6.7844	1.44757915	9.870073	10.26328916	9.007631	9.599182916	9.49951	18.71169917	9.284705	10.1962918	9.196668	10.08212919	4.771966	0.5868426919	10.58655	10.55324920	10.42601	9.45393920	0.9410823	18.87397921	9.567812	9.118535922	9.210008	10.09518923	9.880679	2.415044923	9.780789	8.637215924	9.095171	9.306329925	10.16185	8.47061926	10.26371	8.859041926	7.664985	19.29561927	1.776525	8.320305927	8.948384	9.551532928	10.22535	2.09945928	0.8668637	2.397359928	9.602667	9.368221929	8.74427	9.828156929	17.05782	19.03981
930	9.460722	9.457026931	8.62334	9.611359931	18.44387	13.59232932	10.50301	8.982985933	8.150998	1.135031933	9.891272	9.388891934	11.37348	7.857416935	9.086838	10.25637936	9.167786	9.623882937	9.12238	10.21879937	19.42314	14.97914938	4.712633	4.039198938	0.7584353	11.40445938	15.56569	18.69915939	8.029699	9.667426939	17.60818	14.13645940	18.68015	5.352091940	9.078751	9.266045941	10.15338	8.457608942	9.040686	9.77617942	17.9181	18.24315943	9.459464	9.318683944	1.009564	4.713886944	7.981472	7.439808
945	9.629722	9.574883945	12.61041	18.94804946	2.229973	6.833746946	9.323039	9.7057947	7.825762	9.487667947	5.96914	19.20872948	7.710716	1.208881948	19.48685	15.6746
949	18.7314	3.460433949	17.79787	13.6645950	11.20588	9.461111951	19.40855	0.8424361951	13.30117	12.83871951	8.754342	17.3852952	7.323871	0.9633537952	18.11122	13.52824952	8.809121	16.57597953	8.249681	8.689769954	2.52504	4.154381

955	9.187345	10.28775956	1.842683	6.402576956	9.404004	9.02502957	9.680249	9.22915957	17.36556	19.28024958	9.739497	9.459962958	19.285	15.85117959	1.817448	3.462524959	18.27826	17.73461
960	9.605371	10.19788961	10.28313	9.645106962	8.562403	8.680449962	1.732226	16.50605963	8.041729	8.362998
964	19.05382	7.240732964	14.38757	13.53517965	9.398171	11.48926
966	8.865849	9.814314
967	7.41035	1.89053967	18.39474	2.68645967	15.2865	19.0588968	18.51563	12.63466968	1.074036	13.59067969	9.03364	9.610334970	9.905808	9.495914971	9.841705	9.012278972	7.793747	10.51109
973	15.22216	17.72807974	9.117324	9.591403974	12.02054	19.17876975	9.290729	10.13784976	9.630316	10.03411977	8.323103	8.771224978	8.344638	0.8939947978	9.746054	8.951689979	9.878307	9.481143980	10.00745	9.006229981	1.361285	9.317179981	7.56921	18.14801
982	5.094965	1.078669982	19.37039	6.817669983	7.752611	9.14271984	9.367867	9.61326985	9.699101	9.660867986	8.383607	9.315855987	9.033267	8.929968988	9.319736	11.08447989	8.020623	1.058404989	8.877678	7.876066989	3.69276	18.09775990	10.31885	10.44643991	9.091796	9.833323992	9.793968	8.882025992	9.731703	11.12873993	9.095991	9.871242993	18.9808	13.02514994	19.27318	1.603606994	7.922595	9.354909995	10.09493	9.599987996	10.4117	9.941472997	8.419353	9.719264997	14.21293	19.18372998	1.672034	4.290822998	9.465717	10.12738999	9.547603	9.573085